0 1.000000000 0.000000000 -0.000000000 0.000000000 -0.000000000 1.000000000 -0.000000000 0.000000000 0.000000000 -0.000000000 1.000000000 0.000000000 0.000000000 0.000000000 0.000000000 1.000000000
1 0.999998898 0.000513179 0.001393116 0.017922790 -0.000512367 0.999999699 -0.000582825 0.004876125 -0.001393415 0.000582111 0.999998860 1.690380941 0.000000000 0.000000000 0.000000000 1.000000000
2 0.999995692 0.000641221 0.002864325 0.036697548 -0.000640220 0.999999734 -0.000350321 0.007934543 -0.002864550 0.000348485 0.999995836 3.237729259 0.000000000 0.000000000 0.000000000 1.000000000
3 0.999989699 0.001070204 0.004411005 0.057370242 -0.001073731 0.999999106 0.000797143 0.016430844 -0.004410149 -0.000801871 0.999989954 4.781817917 0.000000000 0.000000000 0.000000000 1.000000000
4 0.999976196 0.001847300 0.006647921 0.070483464 -0.001853322 0.999997878 0.000899832 0.024703635 -0.006646245 -0.000912132 0.999977497 6.470129763 0.000000000 0.000000000 0.000000000 1.000000000
5 0.999954636 0.002540420 0.009179945 0.088992072 -0.002544601 0.999996664 0.000443698 0.030926251 -0.009178788 -0.000467038 0.999957765 8.000605592 0.000000000 0.000000000 0.000000000 1.000000000
6 0.999919437 0.003152712 0.012295491 0.112312153 -0.003173628 0.999993550 0.001681856 0.036456727 -0.012290111 -0.001720742 0.999922993 9.683992757 0.000000000 0.000000000 0.000000000 1.000000000
7 0.999890030 0.002399643 0.014634533 0.140300079 -0.002440847 0.999993106 0.002798266 0.028161136 -0.014627719 -0.002833678 0.999888994 11.212181052 0.000000000 0.000000000 0.000000000 1.000000000
8 0.999862731 0.001729562 0.016478074 0.171432560 -0.001787746 0.999992218 0.003516852 0.016935684 -0.016471866 -0.003545827 0.999858042 12.739268772 0.000000000 0.000000000 0.000000000 1.000000000
9 0.999831396 0.000456133 0.018356801 0.204327964 -0.000524002 0.999993045 0.003692545 0.000664999 -0.018354992 -0.003701541 0.999824681 14.418047390 0.000000000 0.000000000 0.000000000 1.000000000
10 0.999798159 -0.000357531 0.020087661 0.240173872 0.000284963 0.999993424 0.003615302 -0.008097326 -0.020088824 -0.003608847 0.999791686 15.941279534 0.000000000 0.000000000 0.000000000 1.000000000
11 0.999761411 -0.000987956 0.021820755 0.277610511 0.000897065 0.999990883 0.004174776 -0.017795638 -0.021824683 -0.004154205 0.999753182 17.464669964 0.000000000 0.000000000 0.000000000 1.000000000
12 0.999721682 -0.001069672 0.023567220 0.326013127 0.001026358 0.999997762 0.001849930 -0.027480208 -0.023569148 -0.001825227 0.999720543 19.133251515 0.000000000 0.000000000 0.000000000 1.000000000
13 0.999681478 -0.000060227 0.025237656 0.376000702 0.000019459 0.999998695 0.001615600 -0.056245778 -0.025237723 -0.001614594 0.999680174 20.648032377 0.000000000 0.000000000 0.000000000 1.000000000
14 0.999634530 0.001116502 0.027010374 0.431881327 -0.001202995 0.999994201 0.003186151 -0.071835602 -0.027006663 -0.003217480 0.999630076 22.313460319 0.000000000 0.000000000 0.000000000 1.000000000
15 0.999600386 0.001026979 0.028249144 0.485675707 -0.001127014 0.999993150 0.003525477 -0.084537148 -0.028245333 -0.003555905 0.999594696 23.822864434 0.000000000 0.000000000 0.000000000 1.000000000
16 0.999568769 0.000886553 0.029351159 0.539337366 -0.000941067 0.999997858 0.001843526 -0.094288338 -0.029349465 -0.001870352 0.999567462 25.325332591 0.000000000 0.000000000 0.000000000 1.000000000
17 0.999535728 0.000377679 0.030466148 0.601148076 -0.000359348 0.999999751 -0.000607153 -0.111447512 -0.030466373 0.000595922 0.999535615 26.972597474 0.000000000 0.000000000 0.000000000 1.000000000
18 0.999507111 -0.000100302 0.031393062 0.659503513 0.000126388 0.999999648 -0.000828943 -0.127099533 -0.031392972 0.000832502 0.999506773 28.471792732 0.000000000 0.000000000 0.000000000 1.000000000
19 0.999485274 0.000211780 0.032080231 0.709716512 -0.000234589 0.999999722 0.000707243 -0.146574547 -0.032080076 -0.000714405 0.999485047 30.123223848 0.000000000 0.000000000 0.000000000 1.000000000
20 0.999458630 -0.000208183 0.032899894 0.752441096 0.000099698 0.999994553 0.003299051 -0.148643210 -0.032900406 -0.003293984 0.999453207 31.621877536 0.000000000 0.000000000 0.000000000 1.000000000
21 0.999424783 -0.000358854 0.033911256 0.801125355 0.000188043 0.999987281 0.005040039 -0.151005428 -0.033912638 -0.005030763 0.999412140 33.113154031 0.000000000 0.000000000 0.000000000 1.000000000
22 0.999396028 -0.000976181 0.034736516 0.848209206 0.000823608 0.999989953 0.004406326 -0.152245314 -0.034740473 -0.004375055 0.999386791 34.749148309 0.000000000 0.000000000 0.000000000 1.000000000
23 0.999365941 -0.001781770 0.035560385 0.899590783 0.001667073 0.999993313 0.003254830 -0.147330094 -0.035565951 -0.003193484 0.999362229 36.225315571 0.000000000 0.000000000 0.000000000 1.000000000
24 0.999340275 -0.001050174 0.036303047 0.951237454 0.000979575 0.999997595 0.001962444 -0.148465642 -0.036305024 -0.001925588 0.999338900 37.700571418 0.000000000 0.000000000 0.000000000 1.000000000
25 0.999300261 -0.000657360 0.037397266 1.015201786 0.000643567 0.999999720 0.000380873 -0.154636234 -0.037397510 -0.000356539 0.999300405 39.316609883 0.000000000 0.000000000 0.000000000 1.000000000
26 0.999225487 0.001065578 0.039335622 1.068298095 -0.001039531 0.999999227 -0.000682624 -0.152871742 -0.039336323 0.000641205 0.999225822 40.778145237 0.000000000 0.000000000 0.000000000 1.000000000
27 0.999109087 0.002202761 0.042144755 1.139776776 -0.002171153 0.999997326 -0.000795750 -0.159818784 -0.042146400 0.000703538 0.999111198 42.381716305 0.000000000 0.000000000 0.000000000 1.000000000
28 0.999012988 0.002667271 0.044338866 1.218380853 -0.002647283 0.999996366 -0.000509532 -0.175325967 -0.044340069 0.000391651 0.999016419 43.827468336 0.000000000 0.000000000 0.000000000 1.000000000
29 0.998941925 0.002816475 0.045903142 1.301121620 -0.002838997 0.999995880 0.000425437 -0.194830737 -0.045901760 -0.000555306 0.998945805 45.270922136 0.000000000 0.000000000 0.000000000 1.000000000
30 0.998846790 0.003168221 0.047906695 1.394874198 -0.003244465 0.999993591 0.001513818 -0.215924510 -0.047901597 -0.001667504 0.998850668 46.853554238 0.000000000 0.000000000 0.000000000 1.000000000
31 0.998731431 0.003167359 0.050254321 1.481238034 -0.003307130 0.999990891 0.002698349 -0.228188311 -0.050245322 -0.002861123 0.998732808 48.289657483 0.000000000 0.000000000 0.000000000 1.000000000
32 0.998591118 0.003593256 0.052942107 1.569465746 -0.003788933 0.999986356 0.003596140 -0.237864682 -0.052928469 -0.003791668 0.998591108 49.722537374 0.000000000 0.000000000 0.000000000 1.000000000
33 0.998436437 0.003610886 0.055782099 1.675859105 -0.003787125 0.999988165 0.003054004 -0.247667830 -0.055770417 -0.003260482 0.998438296 51.285244422 0.000000000 0.000000000 0.000000000 1.000000000
34 0.998311250 0.003880831 0.057961935 1.768271098 -0.004021780 0.999989232 0.002315271 -0.253465052 -0.057952332 -0.002544472 0.998316109 52.706902191 0.000000000 0.000000000 0.000000000 1.000000000
35 0.998188253 0.002827311 0.060101733 1.884222938 -0.002935379 0.999994230 0.001709867 -0.254706993 -0.060096559 -0.001883190 0.998190792 54.263200793 0.000000000 0.000000000 0.000000000 1.000000000
36 0.998087464 0.002212112 0.061777987 1.988271298 -0.002294645 0.999996567 0.001265037 -0.252468721 -0.061774984 -0.001404377 0.998089114 55.679233003 0.000000000 0.000000000 0.000000000 1.000000000
37 0.997993739 0.002771131 0.063252020 2.092863974 -0.002805727 0.999995959 0.000458134 -0.251384272 -0.063250502 -0.000634683 0.997997481 57.094315944 0.000000000 0.000000000 0.000000000 1.000000000
38 0.997871335 0.003360213 0.065126855 2.208424647 -0.003330410 0.999994294 -0.000566183 -0.250314639 -0.065128394 0.000348079 0.997876832 58.649847861 0.000000000 0.000000000 0.000000000 1.000000000
39 0.997748604 0.004456693 0.066916816 2.310952243 -0.004356478 0.999989160 -0.001643471 -0.235558922 -0.066923423 0.001348249 0.997757204 60.057167616 0.000000000 0.000000000 0.000000000 1.000000000
40 0.997619411 0.005050032 0.068775056 2.421056143 -0.005023925 0.999987227 -0.000552585 -0.225973010 -0.068776976 0.000205748 0.997632039 61.610347546 0.000000000 0.000000000 0.000000000 1.000000000
41 0.997526134 0.004255290 0.070167684 2.525252964 -0.004371799 0.999989308 0.001506924 -0.210366525 -0.070160530 -0.001809955 0.997534072 63.020632867 0.000000000 0.000000000 0.000000000 1.000000000
42 0.997430330 0.002959548 0.071581961 2.633015470 -0.003148144 0.999991864 0.002521990 -0.194327500 -0.071573923 -0.002740860 0.997431532 64.430285934 0.000000000 0.000000000 0.000000000 1.000000000
43 0.997301478 0.002906808 0.073357427 2.749251961 -0.003024534 0.999994310 0.001493781 -0.176043893 -0.073352676 -0.001711623 0.997304595 65.978439258 0.000000000 0.000000000 0.000000000 1.000000000
44 0.997117844 0.003742179 0.075775989 2.853497360 -0.003790249 0.999992697 0.000490561 -0.158495415 -0.075773609 -0.000776357 0.997124746 67.386298047 0.000000000 0.000000000 0.000000000 1.000000000
45 0.996870899 0.005600108 0.078848266 2.955851720 -0.005634513 0.999984103 0.000213848 -0.140788034 -0.078845824 -0.000657450 0.996886606 68.795750103 0.000000000 0.000000000 0.000000000 1.000000000
46 0.996589533 0.006584787 0.082255349 3.069856041 -0.006551348 0.999978311 -0.000676447 -0.129517712 -0.082258029 0.000135256 0.996611057 70.346103739 0.000000000 0.000000000 0.000000000 1.000000000
47 0.996368618 0.006978513 0.084857980 3.186616259 -0.006863275 0.999975087 -0.001649680 -0.115482010 -0.084867388 0.001061285 0.996391691 71.752207474 0.000000000 0.000000000 0.000000000 1.000000000
48 0.996163126 0.007002196 0.087235284 3.313331173 -0.006770905 0.999972735 -0.002946977 -0.106044819 -0.087253552 0.002345007 0.996183377 73.308676776 0.000000000 0.000000000 0.000000000 1.000000000
49 0.995981819 0.006380335 0.089328086 3.435393260 -0.006190689 0.999977958 -0.002399936 -0.106044872 -0.089341440 0.001837290 0.995999364 74.725694925 0.000000000 0.000000000 0.000000000 1.000000000
50 0.995819225 0.005677377 0.091169275 3.559462164 -0.005567437 0.999983436 -0.001460178 -0.099114639 -0.091176065 0.000946494 0.995834339 76.137868092 0.000000000 0.000000000 0.000000000 1.000000000
51 0.995633276 0.004731663 0.093230838 3.702659937 -0.004689181 0.999988778 -0.000674735 -0.099021156 -0.093232995 0.000234611 0.995644291 77.689019361 0.000000000 0.000000000 0.000000000 1.000000000
52 0.995491165 0.003873816 0.094775169 3.835377707 -0.003834106 0.999992469 -0.000601100 -0.100992268 -0.094776795 0.000235011 0.995498521 79.097432529 0.000000000 0.000000000 0.000000000 1.000000000
53 0.995345862 0.003642653 0.096298210 3.977576666 -0.003500014 0.999992513 -0.001650107 -0.097229968 -0.096303511 0.001305382 0.995351160 80.496370518 0.000000000 0.000000000 0.000000000 1.000000000
54 0.995225299 0.003741237 0.097532595 4.135492851 -0.003589363 0.999992057 -0.001732581 -0.092283901 -0.097538314 0.001374228 0.995230823 82.032959941 0.000000000 0.000000000 0.000000000 1.000000000
55 0.995108972 0.003850538 0.098708188 4.278760176 -0.003891325 0.999992404 0.000220679 -0.088864068 -0.098706600 -0.000603706 0.995116397 83.429050943 0.000000000 0.000000000 0.000000000 1.000000000
56 0.994978906 0.003635720 0.100018785 4.439539136 -0.003983372 0.999986699 0.003276374 -0.081353103 -0.100005555 -0.003658335 0.994980154 84.959597758 0.000000000 0.000000000 0.000000000 1.000000000
57 0.994863388 0.002847993 0.101186596 4.589978015 -0.003333353 0.999983735 0.004627925 -0.076447033 -0.101171781 -0.004941443 0.994856700 86.346819069 0.000000000 0.000000000 0.000000000 1.000000000
58 0.994773006 0.002578966 0.102078475 4.739828340 -0.003014449 0.999987002 0.004112126 -0.071633871 -0.102066555 -0.004398342 0.994767849 87.730570136 0.000000000 0.000000000 0.000000000 1.000000000
59 0.994642916 0.002151929 0.103348133 4.908677160 -0.002373640 0.999995138 0.002022336 -0.059309853 -0.103343291 -0.002256814 0.994643188 89.244851747 0.000000000 0.000000000 0.000000000 1.000000000
60 0.994536150 0.003219347 0.104343088 5.064029264 -0.003257935 0.999994673 0.000199381 -0.046151857 -0.104341903 -0.000538235 0.994541341 90.618217001 0.000000000 0.000000000 0.000000000 1.000000000
61 0.994420824 0.003871536 0.105414589 5.225631232 -0.003763973 0.999992173 -0.001219310 -0.032852522 -0.105418496 0.000815729 0.994427613 91.988443086 0.000000000 0.000000000 0.000000000 1.000000000
62 0.994297696 0.004710685 0.106535911 5.403344258 -0.004353633 0.999984101 -0.003583800 -0.031517285 -0.106551112 0.003099545 0.994302396 93.494289382 0.000000000 0.000000000 0.000000000 1.000000000
63 0.994205468 0.004317408 0.107409710 5.572635963 -0.003803893 0.999980338 -0.004985331 -0.034554912 -0.107429134 0.004547867 0.994202343 94.860199256 0.000000000 0.000000000 0.000000000 1.000000000
64 0.994127524 0.004102701 0.108137100 5.753798787 -0.003505826 0.999977557 -0.005709156 -0.045008921 -0.108158108 0.005296518 0.994119596 96.360265190 0.000000000 0.000000000 0.000000000 1.000000000
65 0.994033713 0.003743256 0.109009008 5.924204583 -0.003261608 0.999984117 -0.004596396 -0.062767902 -0.109024495 0.004213426 0.994030134 97.720406568 0.000000000 0.000000000 0.000000000 1.000000000
66 0.993839563 0.004623376 0.110731862 6.086886197 -0.004290258 0.999985527 -0.003246418 -0.062872341 -0.110745282 0.002751350 0.993845015 99.075583537 0.000000000 0.000000000 0.000000000 1.000000000
67 0.993499128 0.004837464 0.113736892 6.267870062 -0.004631466 0.999987121 -0.002075363 -0.055234842 -0.113745480 0.001535102 0.993508737 100.560065892 0.000000000 0.000000000 0.000000000 1.000000000
68 0.993224750 0.004751493 0.116112091 6.438788914 -0.004584901 0.999988041 -0.001701802 -0.042865738 -0.116118802 0.001157909 0.993234657 101.901382574 0.000000000 0.000000000 0.000000000 1.000000000
69 0.993058306 0.002859943 0.117588352 6.629847750 -0.002659049 0.999994725 -0.001865302 -0.031421506 -0.117593080 0.001539680 0.993060672 103.366234273 0.000000000 0.000000000 0.000000000 1.000000000
70 0.992985778 0.001863302 0.118219165 6.801756801 -0.001692533 0.999997374 -0.001544899 -0.027038601 -0.118221747 0.001333973 0.992986325 104.688255676 0.000000000 0.000000000 0.000000000 1.000000000
71 0.992868695 0.001408511 0.119204734 6.973020038 -0.001246126 0.999998191 -0.001436768 -0.021830548 -0.119206557 0.001277978 0.992868655 105.997912056 0.000000000 0.000000000 0.000000000 1.000000000
72 0.992719437 0.001936053 0.120434090 7.158954694 -0.001813621 0.999997721 -0.001126196 -0.019279211 -0.120436010 0.000899575 0.992720686 107.421601508 0.000000000 0.000000000 0.000000000 1.000000000
73 0.992596308 0.003562885 0.121407882 7.324097622 -0.003406881 0.999993083 -0.001492525 -0.022088544 -0.121412374 0.001067852 0.992601580 108.701069739 0.000000000 0.000000000 0.000000000 1.000000000
74 0.992444212 0.004272749 0.122622293 7.489841672 -0.004084210 0.999990059 -0.001788890 -0.018016162 -0.122628732 0.001274557 0.992451798 109.961330857 0.000000000 0.000000000 0.000000000 1.000000000
75 0.992166064 0.005536733 0.124803219 7.668460666 -0.005410846 0.999984453 -0.001347644 -0.027211644 -0.124808755 0.000661795 0.992180598 111.332879310 0.000000000 0.000000000 0.000000000 1.000000000
76 0.991895333 0.005645161 0.126932182 7.832042423 -0.005670522 0.999983909 -0.000161560 -0.039429698 -0.126931066 -0.000559521 0.991911384 112.561204627 0.000000000 0.000000000 0.000000000 1.000000000
77 0.991680106 0.003867529 0.128668594 8.013415019 -0.004247745 0.999987385 0.002680706 -0.043843415 -0.128656618 -0.003204954 0.991684025 113.892362404 0.000000000 0.000000000 0.000000000 1.000000000
78 0.991495391 0.002205460 0.130123110 8.179093179 -0.002729937 0.999988853 0.003852382 -0.041604068 -0.130113178 -0.004174847 0.991490360 115.081774500 0.000000000 0.000000000 0.000000000 1.000000000
79 0.991316181 0.000840631 0.131497223 8.343959863 -0.001127412 0.999997146 0.002106453 -0.037273631 -0.131495093 -0.002236413 0.991314300 116.253216069 0.000000000 0.000000000 0.000000000 1.000000000
80 0.991143920 0.001057538 0.132787836 8.523389296 -0.001053541 0.999999440 -0.000100365 -0.031998613 -0.132787883 -0.000040422 0.991144479 117.519175479 0.000000000 0.000000000 0.000000000 1.000000000
81 0.990913868 0.001471215 0.134489921 8.684984227 -0.001323895 0.999998422 -0.001184828 -0.033278421 -0.134491468 0.000996011 0.990914252 118.653904715 0.000000000 0.000000000 0.000000000 1.000000000
82 0.990697379 0.002299592 0.136064003 8.845406629 -0.002089744 0.999996397 -0.001685098 -0.036400852 -0.136067404 0.001385083 0.990698615 119.773647008 0.000000000 0.000000000 0.000000000 1.000000000
83 0.990460877 0.002896636 0.137763775 9.020808770 -0.002590066 0.999993755 -0.002404548 -0.044065936 -0.137769896 0.002024793 0.990462194 120.983495010 0.000000000 0.000000000 0.000000000 1.000000000
84 0.990261763 0.002883750 0.139188082 9.179981834 -0.002520222 0.999992938 -0.002787961 -0.052514623 -0.139195155 0.002410025 0.990262038 122.066874428 0.000000000 0.000000000 0.000000000 1.000000000
85 0.990070403 0.003217869 0.140535548 9.352798135 -0.002846813 0.999991911 -0.002841261 -0.062972541 -0.140543570 0.002412969 0.990071555 123.245901454 0.000000000 0.000000000 0.000000000 1.000000000
86 0.989887464 0.002583705 0.141831346 9.512860191 -0.002178467 0.999993090 -0.003012386 -0.059376369 -0.141838165 0.002672947 0.989886252 124.303298307 0.000000000 0.000000000 0.000000000 1.000000000
87 0.989746446 0.002462818 0.142814233 9.671883111 -0.001975713 0.999991738 -0.003552468 -0.055404706 -0.142821819 0.003233882 0.989743135 125.348082911 0.000000000 0.000000000 0.000000000 1.000000000
88 0.989562449 0.002322042 0.144085963 9.845500314 -0.001927501 0.999994002 -0.002877770 -0.067043417 -0.144091798 0.002570006 0.989560989 126.490585578 0.000000000 0.000000000 0.000000000 1.000000000
89 0.989414943 0.002306326 0.145095653 10.005007950 -0.002096953 0.999996528 -0.001595925 -0.069933691 -0.145098847 0.001274773 0.989416344 127.519053090 0.000000000 0.000000000 0.000000000 1.000000000
90 0.989231529 0.002511683 0.146337523 10.180013815 -0.002451118 0.999996819 -0.000594186 -0.061782418 -0.146338567 0.000229096 0.989234539 128.639220385 0.000000000 0.000000000 0.000000000 1.000000000
91 0.989077270 0.003251982 0.147362060 10.342427364 -0.003221547 0.999994712 -0.000445210 -0.049305041 -0.147362746 -0.000034388 0.989082516 129.648311625 0.000000000 0.000000000 0.000000000 1.000000000
92 0.988938342 0.003550573 0.148284679 10.503673344 -0.003485453 0.999993681 -0.000699021 -0.038395062 -0.148286241 0.000174449 0.988944469 130.647120877 0.000000000 0.000000000 0.000000000 1.000000000
93 0.988773538 0.003161365 0.149388396 10.681364234 -0.002901073 0.999993871 -0.001960276 -0.012740829 -0.149393695 0.001504881 0.988776649 131.736469939 0.000000000 0.000000000 0.000000000 1.000000000
94 0.988637374 0.003033736 0.150289507 10.837416791 -0.002571530 0.999991348 -0.003269692 0.008142904 -0.150298144 0.002846065 0.988636622 132.724007726 0.000000000 0.000000000 0.000000000 1.000000000
95 0.988457290 0.002843432 0.151473093 11.015463046 -0.002336784 0.999991065 -0.003522710 0.022718390 -0.151481774 0.003128087 0.988455103 133.806677365 0.000000000 0.000000000 0.000000000 1.000000000
96 0.988333866 0.002602254 0.152280641 11.178202671 -0.002094633 0.999991703 -0.003493787 0.030680669 -0.152288487 0.003134055 0.988331117 134.786743834 0.000000000 0.000000000 0.000000000 1.000000000
97 0.988199273 0.001861698 0.153162423 11.341966054 -0.001344437 0.999993039 -0.003480712 0.036117924 -0.153167855 0.003233719 0.988194897 135.763281659 0.000000000 0.000000000 0.000000000 1.000000000
98 0.988069717 0.001411654 0.154000773 11.521407084 -0.000802737 0.999991613 -0.004016100 0.042968866 -0.154005169 0.003844564 0.988062564 136.833052113 0.000000000 0.000000000 0.000000000 1.000000000
99 0.987948746 0.001567577 0.154773428 11.683114871 -0.000799964 0.999987071 -0.005021752 0.044007281 -0.154779317 0.004837419 0.987937227 137.802268261 0.000000000 0.000000000 0.000000000 1.000000000
100 0.987802250 0.001631164 0.155705012 11.863227365 -0.000771207 0.999984116 -0.005583240 0.052585785 -0.155711665 0.005395055 0.987787818 138.861158519 0.000000000 0.000000000 0.000000000 1.000000000
101 0.987708635 0.001452125 0.156299521 12.026112664 -0.000567702 0.999983577 -0.005703003 0.060159591 -0.156305253 0.005544172 0.987693238 139.820513175 0.000000000 0.000000000 0.000000000 1.000000000
102 0.987627202 0.001466261 0.156813126 12.190308878 -0.000579401 0.999983581 -0.005701084 0.061678362 -0.156818929 0.005539686 0.987611836 140.775993755 0.000000000 0.000000000 0.000000000 1.000000000
103 0.987556231 0.002394366 0.157248067 12.366532870 -0.001384046 0.999977694 -0.006534193 0.053340917 -0.157260223 0.006235243 0.987537517 141.820922625 0.000000000 0.000000000 0.000000000 1.000000000
104 0.987449050 0.002731119 0.157914255 12.526400612 -0.001662328 0.999974814 -0.006899863 0.036417894 -0.157929141 0.006550757 0.987428720 142.765744424 0.000000000 0.000000000 0.000000000 1.000000000
105 0.987380671 0.003053581 0.158335352 12.700442040 -0.002169939 0.999981095 -0.005753408 0.033641552 -0.158349946 0.005337224 0.987368630 143.792305547 0.000000000 0.000000000 0.000000000 1.000000000
106 0.987231151 0.003324327 0.159259534 12.858676888 -0.002815678 0.999990190 -0.003419388 0.031151767 -0.159269358 0.002927302 0.987230827 144.715909447 0.000000000 0.000000000 0.000000000 1.000000000
107 0.987065981 0.003110848 0.160284336 13.015412207 -0.002798986 0.999993725 -0.002171429 0.025534465 -0.160290104 0.001694709 0.987068495 145.628790306 0.000000000 0.000000000 0.000000000 1.000000000
108 0.986884682 0.001998758 0.161414452 13.190286482 -0.001846455 0.999997697 -0.001093554 0.015254988 -0.161416285 0.000781166 0.986886101 146.620109642 0.000000000 0.000000000 0.000000000 1.000000000
109 0.986694763 0.001061331 0.162580182 13.347833125 -0.000978424 0.999999347 -0.000590015 0.006015087 -0.162580721 0.000423091 0.986695157 147.506301700 0.000000000 0.000000000 0.000000000 1.000000000
110 0.986476602 0.000096711 0.163902110 13.522511378 -0.000132612 0.999999970 0.000208095 0.005994529 -0.163902104 -0.000227017 0.986476585 148.463059006 0.000000000 0.000000000 0.000000000 1.000000000
111 0.986284882 -0.000900820 0.165049434 13.677112983 0.000959535 0.999999502 -0.000276013 0.002869647 -0.165049123 0.000430597 0.986285255 149.317913974 0.000000000 0.000000000 0.000000000 1.000000000
112 0.986108792 -0.001513518 0.166093817 13.829249289 0.001567956 0.999998751 -0.000196626 -0.002297498 -0.166093331 0.000454321 0.986109934 150.158962426 0.000000000 0.000000000 0.000000000 1.000000000
113 0.985916560 -0.002988171 0.167211253 13.994080967 0.002995126 0.999995492 0.000210595 -0.007031210 -0.167211148 0.000293189 0.985921067 151.066979260 0.000000000 0.000000000 0.000000000 1.000000000
114 0.985803122 -0.003368210 0.167871545 14.137714620 0.003327402 0.999994327 0.000524378 -0.014539396 -0.167872379 0.000041641 0.985808737 151.877104397 0.000000000 0.000000000 0.000000000 1.000000000
115 0.985650113 -0.003153996 0.168771752 14.289821764 0.003045899 0.999994957 0.000899384 -0.024778454 -0.168773757 -0.000372417 0.985654749 152.750249385 0.000000000 0.000000000 0.000000000 1.000000000
116 0.985526651 -0.002630302 0.169500144 14.424668883 0.002540774 0.999996495 0.000745090 -0.030864271 -0.169501529 -0.000303645 0.985529879 153.524000079 0.000000000 0.000000000 0.000000000 1.000000000
117 0.985408809 -0.002608362 0.170184231 14.556792430 0.002581794 0.999996596 0.000377423 -0.037711328 -0.170184656 0.000067464 0.985412189 154.279672393 0.000000000 0.000000000 0.000000000 1.000000000
118 0.985288816 -0.001851519 0.170887439 14.698927353 0.001851148 0.999998274 0.000161512 -0.044771695 -0.170887463 0.000157201 0.985290543 155.085098852 0.000000000 0.000000000 0.000000000 1.000000000
119 0.985138646 -0.001349548 0.171755710 14.823209662 0.001385674 0.999999036 -0.000090441 -0.057224713 -0.171755443 0.000327094 0.985139566 155.803752888 0.000000000 0.000000000 0.000000000 1.000000000
120 0.984981969 -0.000581817 0.172656243 14.957305304 0.000647476 0.999999738 -0.000323969 -0.067298869 -0.172656030 0.000430894 0.984982088 156.568511115 0.000000000 0.000000000 0.000000000 1.000000000
121 0.984839794 -0.000673552 0.173465048 15.072946409 0.000742737 0.999999668 -0.000333925 -0.083024927 -0.173464786 0.000457701 0.984839968 157.247234009 0.000000000 0.000000000 0.000000000 1.000000000
122 0.984716462 -0.000424484 0.174164594 15.187323760 0.000452497 0.999999890 -0.000121134 -0.095183040 -0.174164544 0.000198090 0.984716546 157.902396391 0.000000000 0.000000000 0.000000000 1.000000000
123 0.984534895 -0.000666357 0.175187310 15.307390573 0.000594146 0.999999716 0.000464642 -0.110278136 -0.175187590 -0.000353371 0.984535011 158.604162914 0.000000000 0.000000000 0.000000000 1.000000000
124 0.984357245 0.000242476 0.176183856 15.412786561 -0.000338413 0.999999810 0.000514485 -0.124625035 -0.176183719 -0.000566061 0.984357141 159.221405942 0.000000000 0.000000000 0.000000000 1.000000000
125 0.984045816 -0.000387814 0.177914807 15.527885389 0.000204947 0.999999432 0.001046210 -0.150501002 -0.177915132 -0.000993056 0.984045336 159.881180290 0.000000000 0.000000000 0.000000000 1.000000000
126 0.983817711 -0.000531009 0.179171496 15.631830158 0.000304690 0.999999121 0.001290658 -0.166997744 -0.179172045 -0.001215181 0.983817008 160.456996032 0.000000000 0.000000000 0.000000000 1.000000000
127 0.983560620 0.000179176 0.180578158 15.743414217 -0.000330741 0.999999618 0.000809222 -0.186311387 -0.180577965 -0.000855644 0.983560303 161.076816764 0.000000000 0.000000000 0.000000000 1.000000000
128 0.983349131 0.001449438 0.181720616 15.843049052 -0.001464916 0.999998926 -0.000049050 -0.200027169 -0.181720513 -0.000217973 0.983350198 161.626526658 0.000000000 0.000000000 0.000000000 1.000000000
129 0.983118070 0.001466311 0.182966406 15.944570736 -0.001242325 0.999998332 -0.001338808 -0.215255875 -0.182968085 0.001088901 0.983118252 162.168087881 0.000000000 0.000000000 0.000000000 1.000000000
130 0.982913035 0.000832550 0.184068649 16.059688548 -0.000266982 0.999995168 -0.003097353 -0.227228657 -0.184070360 0.002995285 0.982908508 162.756601363 0.000000000 0.000000000 0.000000000 1.000000000
131 0.982720311 0.000920458 0.185094406 16.165210957 -0.000191606 0.999992158 -0.003955580 -0.235021494 -0.185096617 0.003851763 0.982712781 163.288062196 0.000000000 0.000000000 0.000000000 1.000000000
132 0.982442101 0.001079280 0.186564600 16.280594670 -0.000302756 0.999991173 -0.004190669 -0.238713493 -0.186567498 0.004060605 0.982433756 163.872180663 0.000000000 0.000000000 0.000000000 1.000000000
133 0.982218616 0.001920078 0.187730924 16.383974877 -0.001048374 0.999988204 -0.004742552 -0.241638262 -0.187737838 0.004461409 0.982209043 164.399448406 0.000000000 0.000000000 0.000000000 1.000000000
134 0.982050244 0.002246713 0.188606116 16.485849565 -0.001298776 0.999985898 -0.005149451 -0.254512310 -0.188615048 0.004812061 0.982039313 164.929288047 0.000000000 0.000000000 0.000000000 1.000000000
135 0.981838648 0.002339724 0.189703428 16.599708489 -0.001409260 0.999986308 -0.005039586 -0.261477388 -0.189712644 0.004680718 0.981828502 165.504659214 0.000000000 0.000000000 0.000000000 1.000000000
136 0.981620410 0.002230486 0.190830793 16.703740935 -0.001261785 0.999985696 -0.005197594 -0.265759091 -0.190839678 0.004861275 0.981609184 166.025059705 0.000000000 0.000000000 0.000000000 1.000000000
137 0.981432983 0.002711503 0.191786190 16.818020076 -0.001598700 0.999980980 -0.005956816 -0.271347465 -0.191798717 0.005539606 0.981418652 166.591247423 0.000000000 0.000000000 0.000000000 1.000000000
138 0.981276170 0.003452837 0.192575055 16.919989250 -0.002371121 0.999980093 -0.005847305 -0.280337313 -0.192591433 0.005281200 0.981264823 167.107314277 0.000000000 0.000000000 0.000000000 1.000000000
139 0.981089231 0.003403820 0.193526047 17.022781429 -0.002300521 0.999979798 -0.005925486 -0.289351869 -0.193542329 0.005368218 0.981077241 167.620579515 0.000000000 0.000000000 0.000000000 1.000000000
140 0.980903193 0.002880361 0.194475255 17.136045017 -0.001611425 0.999976371 -0.006682813 -0.296519253 -0.194489931 0.006241809 0.980884657 168.183244160 0.000000000 0.000000000 0.000000000 1.000000000
141 0.980740022 0.002497554 0.195301731 17.239891245 -0.001101251 0.999973056 -0.007257725 -0.301271119 -0.195314618 0.006902863 0.980716348 168.691650426 0.000000000 0.000000000 0.000000000 1.000000000
142 0.980557497 0.002676210 0.196213729 17.351846557 -0.001268426 0.999972550 -0.007300060 -0.309297493 -0.196227903 0.006909245 0.980533976 169.250547761 0.000000000 0.000000000 0.000000000 1.000000000
143 0.980398294 0.003157577 0.197000531 17.451893912 -0.001768087 0.999972309 -0.007228714 -0.322383466 -0.197017925 0.006738703 0.980376730 169.758602873 0.000000000 0.000000000 0.000000000 1.000000000
144 0.980262677 0.003294791 0.197672012 17.552462751 -0.001981579 0.999974638 -0.006840828 -0.335939612 -0.197689561 0.006314104 0.980244344 170.263124176 0.000000000 0.000000000 0.000000000 1.000000000
145 0.980141258 0.002673280 0.198282533 17.664876959 -0.001375176 0.999976715 -0.006684160 -0.352922474 -0.198295807 0.006278746 0.980122112 170.813823938 0.000000000 0.000000000 0.000000000 1.000000000
146 0.980050799 0.001465656 0.198741737 17.768723835 -0.000106910 0.999976551 -0.006847303 -0.366194444 -0.198747136 0.006689455 0.980027975 171.310249242 0.000000000 0.000000000 0.000000000 1.000000000
147 0.979965612 0.000753818 0.199165323 17.882727694 0.000625451 0.999976259 -0.006862241 -0.380968158 -0.199165791 0.006849327 0.979941876 171.853461623 0.000000000 0.000000000 0.000000000 1.000000000
148 0.979858703 0.001010439 0.199689501 17.983644894 0.000402909 0.999975159 -0.007036968 -0.392187155 -0.199691675 0.006975689 0.979833955 172.343990903 0.000000000 0.000000000 0.000000000 1.000000000
149 0.979817343 0.001581966 0.199888636 18.082048469 -0.000176461 0.999975140 -0.007049059 -0.404588105 -0.199894841 0.006871516 0.979793264 172.836824821 0.000000000 0.000000000 0.000000000 1.000000000
150 0.979769795 0.001041022 0.200125111 18.192073829 0.000422573 0.999973480 -0.007270549 -0.414800092 -0.200127396 0.007208030 0.979743372 173.372354058 0.000000000 0.000000000 0.000000000 1.000000000
151 0.979706320 0.000228149 0.200438195 18.292035264 0.001173868 0.999975672 -0.006875881 -0.423302399 -0.200434910 0.006971631 0.979682218 173.859743973 0.000000000 0.000000000 0.000000000 1.000000000
152 0.979645832 0.000167825 0.200733683 18.403033649 0.001118621 0.999979559 -0.006295278 -0.424793367 -0.200730660 0.006391686 0.979625619 174.389609807 0.000000000 0.000000000 0.000000000 1.000000000
153 0.979575470 -0.000379950 0.201076475 18.503838368 0.001665412 0.999979245 -0.006223776 -0.432745028 -0.201069961 0.006431532 0.979555772 174.871269650 0.000000000 0.000000000 0.000000000 1.000000000
154 0.979526663 -0.000342808 0.201314166 18.604211431 0.001712972 0.999976541 -0.006631933 -0.440360215 -0.201307194 0.006840999 0.979504272 175.348315384 0.000000000 0.000000000 0.000000000 1.000000000
155 0.979450591 -0.000377659 0.201683891 18.714743550 0.001789791 0.999975146 -0.006819392 -0.446429979 -0.201676326 0.007040227 0.979426924 175.871602025 0.000000000 0.000000000 0.000000000 1.000000000
156 0.979481591 -0.000273992 0.201533455 18.815746261 0.001759245 0.999972599 -0.007190689 -0.451597653 -0.201525986 0.007397692 0.979455234 176.344261498 0.000000000 0.000000000 0.000000000 1.000000000
157 0.979628464 -0.000367875 0.200818157 18.926739151 0.002073795 0.999963532 -0.008284546 -0.461540141 -0.200807809 0.008532231 0.979593502 176.865881956 0.000000000 0.000000000 0.000000000 1.000000000
158 0.979714145 -0.000832752 0.200398344 19.026855896 0.002741449 0.999953486 -0.009247200 -0.470311471 -0.200381346 0.009608992 0.979670857 177.339753321 0.000000000 0.000000000 0.000000000 1.000000000
159 0.979796812 -0.000866830 0.199993628 19.136494830 0.002757582 0.999954100 -0.009175690 -0.479830760 -0.199976518 0.009541808 0.979754230 177.860981252 0.000000000 0.000000000 0.000000000 1.000000000
160 0.979879012 -0.000307519 0.199592140 19.235297227 0.002238917 0.999952831 -0.009451092 -0.488519588 -0.199579843 0.009707795 0.979833481 178.334439281 0.000000000 0.000000000 0.000000000 1.000000000
161 0.979935563 0.000542382 0.199313805 19.334418937 0.001518921 0.999946938 -0.010188947 -0.496287988 -0.199308778 0.010287251 0.979882742 178.808253470 0.000000000 0.000000000 0.000000000 1.000000000
162 0.979882654 0.000612328 0.199573556 19.446567738 0.001656564 0.999935889 -0.011201522 -0.509408002 -0.199567644 0.011306782 0.979818819 179.331135279 0.000000000 0.000000000 0.000000000 1.000000000
163 0.979854057 0.000359196 0.199714529 19.549231220 0.002018945 0.999929469 -0.011703917 -0.521297686 -0.199704670 0.011871341 0.979784222 179.808881035 0.000000000 0.000000000 0.000000000 1.000000000
164 0.979874313 -0.000181156 0.199615363 19.664520468 0.002589753 0.999926963 -0.011805150 -0.535595279 -0.199598668 0.012084515 0.979803215 180.338644011 0.000000000 0.000000000 0.000000000 1.000000000
165 0.979843378 -0.000322009 0.199766978 19.768849983 0.002701650 0.999928608 -0.011639597 -0.550312921 -0.199748991 0.011944680 0.979774295 180.822042215 0.000000000 0.000000000 0.000000000 1.000000000
166 0.979802618 -0.000077453 0.199967042 19.873007468 0.002584155 0.999921325 -0.012274598 -0.569593562 -0.199950382 0.012543427 0.979725733 181.308265617 0.000000000 0.000000000 0.000000000 1.000000000
167 0.979768772 -0.000536576 0.200132108 19.987998700 0.003148951 0.999913946 -0.012735160 -0.586156665 -0.200108076 0.013107716 0.979686149 181.846693925 0.000000000 0.000000000 0.000000000 1.000000000
168 0.979774108 -0.000106965 0.200106674 20.089740992 0.002677195 0.999917363 -0.012573745 -0.604840802 -0.200088816 0.012855152 0.979693429 182.346542072 0.000000000 0.000000000 0.000000000 1.000000000
169 0.979742597 -0.000041121 0.200260922 20.204625768 0.002609838 0.999917678 -0.012562869 -0.619357513 -0.200243943 0.012831024 0.979662050 182.894414352 0.000000000 0.000000000 0.000000000 1.000000000
170 0.979685570 -0.000010826 0.200539720 20.309765446 0.002636667 0.999914257 -0.012826784 -0.633813269 -0.200522410 0.013094969 0.979601598 183.395292750 0.000000000 0.000000000 0.000000000 1.000000000
171 0.979663373 0.000631261 0.200647133 20.414374135 0.001858069 0.999923632 -0.012217941 -0.639856180 -0.200639546 0.012342283 0.979587385 183.896655944 0.000000000 0.000000000 0.000000000 1.000000000
172 0.979664681 0.000226622 0.200641613 20.527842017 0.002066245 0.999934939 -0.011218182 -0.653118549 -0.200631125 0.011404629 0.979600475 184.452806047 0.000000000 0.000000000 0.000000000 1.000000000
173 0.979636135 -0.000090193 0.200781049 20.631046804 0.002237866 0.999942688 -0.010469643 -0.666793023 -0.200768620 0.010705759 0.979580192 184.956133454 0.000000000 0.000000000 0.000000000 1.000000000
174 0.979570889 -0.000339062 0.201098864 20.744191137 0.002359416 0.999949127 -0.009806966 -0.680319616 -0.201085332 0.010081092 0.979521856 185.507149925 0.000000000 0.000000000 0.000000000 1.000000000
175 0.979571110 -0.000091765 0.201098054 20.846645554 0.002057387 0.999952133 -0.009565460 -0.691391472 -0.201087574 0.009783783 0.979524410 186.003782757 0.000000000 0.000000000 0.000000000 1.000000000
176 0.979559958 0.000566026 0.201151595 20.948476717 0.001374083 0.999953880 -0.009505251 -0.702375700 -0.201147722 0.009587360 0.979514003 186.497676194 0.000000000 0.000000000 0.000000000 1.000000000
177 0.979443708 0.001446518 0.201712483 21.057000427 0.000397423 0.999958509 -0.009100636 -0.721452184 -0.201717302 0.008993723 0.979402495 187.044775662 0.000000000 0.000000000 0.000000000 1.000000000
178 0.979258451 0.002237565 0.202602752 21.156813840 -0.000376341 0.999957381 -0.009224626 -0.736731466 -0.202614782 0.008957043 0.979217558 187.535815166 0.000000000 0.000000000 0.000000000 1.000000000
179 0.979001933 0.002574075 0.203834696 21.268518543 -0.000572173 0.999951033 -0.009879533 -0.749953860 -0.203850170 0.009555451 0.978955467 188.071889648 0.000000000 0.000000000 0.000000000 1.000000000
180 0.978788455 0.002902425 0.204852950 21.371610950 -0.000806948 0.999946505 -0.010311980 -0.756500306 -0.204871945 0.009927939 0.978738437 188.554356562 0.000000000 0.000000000 0.000000000 1.000000000
181 0.978578233 0.002670160 0.205857977 21.472458832 -0.000508203 0.999944172 -0.010554339 -0.769251442 -0.205874691 0.010223627 0.978524958 189.036390589 0.000000000 0.000000000 0.000000000 1.000000000
182 0.978287369 0.003334732 0.207226200 21.583827090 -0.000800483 0.999923884 -0.012312036 -0.783203353 -0.207251509 0.011878826 0.978215575 189.560878165 0.000000000 0.000000000 0.000000000 1.000000000
183 0.978047705 0.004831150 0.208325087 21.683803594 -0.001859012 0.999893717 -0.014460258 -0.797743912 -0.208372830 0.013755540 0.977952736 190.033372948 0.000000000 0.000000000 0.000000000 1.000000000
184 0.977820507 0.005810330 0.209364015 21.795027172 -0.002664044 0.999879297 -0.015306706 -0.809218666 -0.209427705 0.014409453 0.977717960 190.550251263 0.000000000 0.000000000 0.000000000 1.000000000
185 0.977553341 0.005807605 0.210608003 21.896578755 -0.002659621 0.999880521 -0.015227297 -0.819943345 -0.210671299 0.014325354 0.977451990 191.019187623 0.000000000 0.000000000 0.000000000 1.000000000
186 0.977313390 0.005186843 0.211734807 21.999238230 -0.002284721 0.999900101 -0.013948759 -0.830303229 -0.211786030 0.013148552 0.977227608 191.487471361 0.000000000 0.000000000 0.000000000 1.000000000
187 0.977086667 0.004011122 0.212804020 22.110070562 -0.001433723 0.999923760 -0.012264548 -0.846266797 -0.212837016 0.011678422 0.977017924 192.003232610 0.000000000 0.000000000 0.000000000 1.000000000
188 0.976846380 0.002448157 0.213927908 22.213339093 -0.000292684 0.999948882 -0.010106792 -0.859784575 -0.213941741 0.009810168 0.976797163 192.466293011 0.000000000 0.000000000 0.000000000 1.000000000
189 0.976566079 0.001466647 0.215212772 22.324119179 0.000211342 0.999969762 -0.007773668 -0.874949758 -0.215217691 0.007636982 0.976536240 192.973029270 0.000000000 0.000000000 0.000000000 1.000000000
190 0.976336158 0.001740363 0.216251408 22.423616790 -0.000272768 0.999976732 -0.006816186 -0.884836419 -0.216258264 0.006595900 0.976313916 193.426394926 0.000000000 0.000000000 0.000000000 1.000000000
191 0.976162409 0.002504501 0.217026892 22.530313064 -0.001012034 0.999975073 -0.006987749 -0.898049081 -0.217039009 0.006601537 0.976140612 193.920534830 0.000000000 0.000000000 0.000000000 1.000000000
192 0.975975433 0.002129121 0.217870181 22.629755566 -0.000567620 0.999973706 -0.007229450 -0.907229117 -0.217879870 0.006932096 0.975950979 194.362377968 0.000000000 0.000000000 0.000000000 1.000000000
193 0.975771523 0.000890138 0.218790167 22.730371580 0.000709041 0.999973608 -0.007230569 -0.916886680 -0.218790855 0.007210513 0.975745139 194.797586310 0.000000000 0.000000000 0.000000000 1.000000000
194 0.975605973 -0.000300176 0.219528787 22.840281435 0.001842314 0.999975046 -0.006820078 -0.927242780 -0.219521288 0.007058148 0.975582181 195.267262638 0.000000000 0.000000000 0.000000000 1.000000000
195 0.975454369 -0.000807272 0.220200173 22.937968718 0.002333241 0.999975034 -0.006669925 -0.937814686 -0.220189317 0.007019986 0.975431899 195.685892545 0.000000000 0.000000000 0.000000000 1.000000000
196 0.975226162 -0.001479148 0.221205199 23.040676647 0.002817850 0.999979576 -0.005736408 -0.952886247 -0.221192222 0.006217617 0.975210412 196.138705459 0.000000000 0.000000000 0.000000000 1.000000000
197 0.975031216 -0.001262728 0.222064239 23.132299487 0.002360889 0.999986262 -0.004679862 -0.963432414 -0.222055305 0.005087278 0.975020803 196.540630669 0.000000000 0.000000000 0.000000000 1.000000000
198 0.974874117 -0.000847555 0.222754868 23.221318261 0.001920413 0.999987577 -0.004599747 -0.972833854 -0.222748229 0.004911954 0.974863634 196.932078241 0.000000000 0.000000000 0.000000000 1.000000000
199 0.974733317 -0.000599192 0.223370981 23.320653913 0.001817762 0.999984568 -0.005249790 -0.980133759 -0.223364414 0.005523178 0.974719364 197.351625131 0.000000000 0.000000000 0.000000000 1.000000000
200 0.974600644 -0.000974608 0.223947824 23.409613104 0.002317263 0.999980883 -0.005732659 -0.984830176 -0.223937982 0.006105997 0.974584272 197.728293371 0.000000000 0.000000000 0.000000000 1.000000000
201 0.974408938 -0.000694209 0.224781523 23.504670284 0.002120768 0.999979115 -0.006105043 -0.993544964 -0.224772617 0.006425516 0.974390060 198.138909214 0.000000000 0.000000000 0.000000000 1.000000000
202 0.974252624 -0.001353113 0.225455069 23.590225208 0.002990972 0.999971561 -0.006923278 -1.002816134 -0.225439316 0.007419349 0.974228964 198.508081419 0.000000000 0.000000000 0.000000000 1.000000000
203 0.974154078 -0.001996288 0.225875721 23.676529603 0.003802561 0.999964178 -0.007561961 -1.008234505 -0.225852560 0.008225419 0.974126773 198.871565869 0.000000000 0.000000000 0.000000000 1.000000000
204 0.973937187 -0.002452892 0.226804613 23.768494780 0.004202158 0.999965033 -0.007230145 -1.012983363 -0.226778974 0.007994773 0.973913439 199.267514738 0.000000000 0.000000000 0.000000000 1.000000000
205 0.973774430 -0.002701998 0.227499566 23.853063908 0.004452496 0.999964299 -0.007181661 -1.018393017 -0.227472065 0.008006257 0.973751696 199.623376096 0.000000000 0.000000000 0.000000000 1.000000000
206 0.973576956 -0.003416805 0.228333592 23.944168041 0.005164048 0.999961778 -0.007055132 -1.029807698 -0.228300785 0.008047837 0.973557389 200.014674857 0.000000000 0.000000000 0.000000000 1.000000000
207 0.973431158 -0.003595162 0.228951631 24.025326973 0.005262769 0.999963883 -0.006673505 -1.037044967 -0.228919396 0.007701115 0.973414921 200.368906344 0.000000000 0.000000000 0.000000000 1.000000000
208 0.973230702 -0.003093667 0.229809536 24.104296987 0.004690673 0.999968497 -0.006403287 -1.044357250 -0.229782513 0.007309835 0.973214555 200.718984986 0.000000000 0.000000000 0.000000000 1.000000000
209 0.973017423 -0.002552260 0.230717522 24.189065615 0.004097138 0.999972280 -0.006217113 -1.051670094 -0.230695286 0.006994639 0.973000908 201.098981384 0.000000000 0.000000000 0.000000000 1.000000000
210 0.972856657 -0.003219640 0.231386156 24.267087120 0.004764801 0.999969925 -0.006119313 -1.057465562 -0.231359522 0.007055722 0.972842739 201.445391384 0.000000000 0.000000000 0.000000000 1.000000000
211 0.972589352 -0.003656684 0.232500697 24.351391811 0.005282632 0.999965751 -0.006371042 -1.065374827 -0.232469464 0.007424621 0.972575359 201.827379901 0.000000000 0.000000000 0.000000000 1.000000000
212 0.972417271 -0.003529717 0.233221321 24.433404616 0.005724723 0.999945458 -0.008735454 -1.072427652 -0.233177794 0.009829632 0.972384441 202.176254906 0.000000000 0.000000000 0.000000000 1.000000000
213 0.972231189 -0.003111527 0.234001765 24.514450512 0.005787806 0.999925454 -0.010751156 -1.082351810 -0.233950896 0.011806964 0.972176723 202.535133518 0.000000000 0.000000000 0.000000000 1.000000000
214 0.971985312 -0.002505202 0.235028235 24.610750985 0.005478208 0.999913021 -0.011997509 -1.089773708 -0.234977763 0.012948933 0.971914493 202.939931141 0.000000000 0.000000000 0.000000000 1.000000000
215 0.971764743 -0.001696779 0.235945754 24.696415892 0.004748325 0.999912268 -0.012365658 -1.104610921 -0.235904100 0.013136855 0.971687545 203.324815716 0.000000000 0.000000000 0.000000000 1.000000000
216 0.971558924 -0.002457044 0.236785162 24.800014150 0.005421150 0.999914879 -0.011867848 -1.118053092 -0.236735874 0.012813959 0.971489545 203.758563844 0.000000000 0.000000000 0.000000000 1.000000000
217 0.971332841 -0.002822494 0.237706833 24.895693646 0.005857698 0.999910078 -0.012063322 -1.133063739 -0.237651437 0.013109913 0.971262030 204.165923312 0.000000000 0.000000000 0.000000000 1.000000000
218 0.971100331 -0.002969853 0.238653137 24.996156099 0.006129426 0.999903109 -0.012498143 -1.143684086 -0.238592924 0.013599755 0.971024444 204.581245383 0.000000000 0.000000000 0.000000000 1.000000000
219 0.970883564 -0.001820558 0.239544949 25.103716400 0.005124039 0.999900161 -0.013168587 -1.156422699 -0.239497087 0.014012599 0.970795962 205.052778585 0.000000000 0.000000000 0.000000000 1.000000000
220 0.970715675 -0.001053650 0.240228977 25.205188943 0.004539704 0.999892271 -0.013958454 -1.169030983 -0.240188418 0.014640256 0.970615884 205.494999485 0.000000000 0.000000000 0.000000000 1.000000000
221 0.970467841 -0.000812200 0.241229149 25.323800698 0.004419571 0.999886354 -0.014413447 -1.186695600 -0.241190056 0.015053913 0.970361141 205.993431545 0.000000000 0.000000000 0.000000000 1.000000000
222 0.970271130 -0.001886322 0.242013160 25.439208962 0.005493661 0.999883634 -0.014231615 -1.200166870 -0.241958181 0.015138060 0.970168586 206.455834204 0.000000000 0.000000000 0.000000000 1.000000000
223 0.970081970 -0.002635419 0.242763297 25.559260950 0.006236481 0.999881615 -0.014066336 -1.211198870 -0.242697515 0.015159485 0.969983563 206.926238254 0.000000000 0.000000000 0.000000000 1.000000000
224 0.969905571 -0.004077045 0.243447228 25.693780268 0.007750061 0.999870108 -0.014131648 -1.227147423 -0.243358019 0.015593092 0.969811186 207.454595001 0.000000000 0.000000000 0.000000000 1.000000000
225 0.969778170 -0.003802667 0.243958671 25.815595966 0.007477415 0.999872085 -0.014138673 -1.241348173 -0.243873729 0.015535554 0.969682555 207.946627081 0.000000000 0.000000000 0.000000000 1.000000000
226 0.969666968 -0.003156520 0.244409493 25.948345419 0.006652013 0.999887045 -0.013477678 -1.258595290 -0.244339372 0.014694671 0.969578437 208.499386353 0.000000000 0.000000000 0.000000000 1.000000000
227 0.969599459 -0.002321420 0.244686520 26.072809648 0.005710126 0.999897353 -0.013140701 -1.270444795 -0.244630927 0.014138404 0.969513188 209.006643490 0.000000000 0.000000000 0.000000000 1.000000000
228 0.969538267 -0.002752111 0.244924410 26.208786093 0.006108824 0.999897530 -0.012946478 -1.282444512 -0.244863711 0.014048303 0.969455732 209.571444269 0.000000000 0.000000000 0.000000000 1.000000000
229 0.969475598 -0.004300329 0.245150085 26.338117840 0.007732059 0.999885110 -0.013037754 -1.292635504 -0.245065881 0.014535297 0.969397466 210.086830686 0.000000000 0.000000000 0.000000000 1.000000000
230 0.969410654 -0.004031911 0.245411330 26.463169818 0.007492237 0.999885227 -0.013168116 -1.305104778 -0.245330099 0.014603989 0.969329600 210.609309123 0.000000000 0.000000000 0.000000000 1.000000000
231 0.969290155 -0.003347281 0.245897101 26.602486124 0.006748047 0.999892873 -0.012988736 -1.317258298 -0.245827311 0.014249176 0.969208905 211.184515089 0.000000000 0.000000000 0.000000000 1.000000000
232 0.969210851 -0.002357176 0.246220965 26.727881356 0.005606664 0.999906188 -0.012497244 -1.333303149 -0.246168437 0.013492939 0.969133143 211.708826548 0.000000000 0.000000000 0.000000000 1.000000000
233 0.969120219 -0.002836061 0.246572403 26.871738807 0.006060764 0.999905736 -0.012320171 -1.345753270 -0.246514248 0.013434142 0.969046055 212.288617568 0.000000000 0.000000000 0.000000000 1.000000000
234 0.969156381 -0.003043403 0.246427757 26.998391620 0.006338928 0.999900763 -0.012581011 -1.358930332 -0.246365042 0.013755052 0.969079497 212.823097563 0.000000000 0.000000000 0.000000000 1.000000000
235 0.969085068 -0.002892938 0.246709860 27.131205150 0.006342295 0.999892921 -0.013187937 -1.372826017 -0.246645320 0.014344937 0.968999647 213.364015402 0.000000000 0.000000000 0.000000000 1.000000000
236 0.969045980 -0.002076583 0.246871565 27.274983250 0.005537955 0.999895850 -0.013327441 -1.389723925 -0.246818207 0.014282064 0.968956554 213.966385735 0.000000000 0.000000000 0.000000000 1.000000000
237 0.969005765 -0.001641564 0.247032641 27.408747822 0.005201202 0.999891830 -0.013757726 -1.404369327 -0.246983365 0.014616179 0.968909486 214.520988795 0.000000000 0.000000000 0.000000000 1.000000000
238 0.968915580 -0.001916838 0.247384149 27.560155207 0.005774694 0.999872760 -0.014869974 -1.420304207 -0.247324198 0.015836315 0.968803365 215.139193993 0.000000000 0.000000000 0.000000000 1.000000000
239 0.968709352 -0.002095182 0.248189028 27.705842858 0.006176933 0.999858161 -0.015668567 -1.435254574 -0.248121025 0.016711330 0.968584893 215.715407001 0.000000000 0.000000000 0.000000000 1.000000000
240 0.968499223 -0.001192592 0.249013704 27.856412268 0.005397504 0.999854135 -0.016204168 -1.449348943 -0.248958085 0.017037773 0.968364391 216.302319236 0.000000000 0.000000000 0.000000000 1.000000000
241 0.968251166 -0.000453757 0.249978931 28.029279610 0.004831436 0.999845531 -0.016898848 -1.465616288 -0.249932678 0.017570083 0.968103794 216.960318075 0.000000000 0.000000000 0.000000000 1.000000000
242 0.968083932 -0.000657040 0.250625340 28.192282096 0.005206642 0.999833475 -0.017490389 -1.477504265 -0.250572141 0.018237077 0.967926143 217.568504757 0.000000000 0.000000000 0.000000000 1.000000000
243 0.967835485 -0.001056420 0.251581698 28.372676934 0.005581105 0.999835249 -0.017272102 -1.495595273 -0.251522032 0.018120653 0.967681930 218.252738197 0.000000000 0.000000000 0.000000000 1.000000000
244 0.967628447 -0.000877842 0.252377516 28.538076370 0.005168769 0.999853141 -0.016339546 -1.515109718 -0.252326138 0.017115087 0.967490879 218.886529464 0.000000000 0.000000000 0.000000000 1.000000000
245 0.967364980 -0.000862988 0.253385562 28.704271640 0.004811137 0.999876483 -0.014962349 -1.535385337 -0.253341381 0.015693122 0.967249646 219.527765273 0.000000000 0.000000000 0.000000000 1.000000000
246 0.967059603 -0.001640364 0.254544742 28.891539277 0.004982228 0.999909652 -0.012484622 -1.549379630 -0.254501295 0.013341571 0.966980404 220.238197448 0.000000000 0.000000000 0.000000000 1.000000000
247 0.966835888 -0.003008247 0.255380710 29.060179938 0.005873866 0.999928051 -0.010459022 -1.563174420 -0.255330902 0.011612227 0.966783996 220.886836742 0.000000000 0.000000000 0.000000000 1.000000000
248 0.966561181 -0.003892528 0.256406559 29.247832176 0.006431275 0.999938244 -0.009063466 -1.574236210 -0.256355475 0.010409413 0.966526525 221.593039465 0.000000000 0.000000000 0.000000000 1.000000000
249 0.966327637 -0.003600648 0.257289573 29.408846313 0.005965018 0.999946847 -0.008409607 -1.587057106 -0.257245648 0.009661170 0.966297753 222.241807592 0.000000000 0.000000000 0.000000000 1.000000000
250 0.966108553 -0.003407901 0.258113623 29.575188735 0.005759623 0.999948504 -0.008355602 -1.597018942 -0.258071886 0.009559053 0.966078431 222.883549406 0.000000000 0.000000000 0.000000000 1.000000000
251 0.965872165 -0.003922619 0.258989510 29.762112389 0.006381613 0.999942186 -0.008654517 -1.604077479 -0.258940618 0.010011926 0.965841356 223.584578361 0.000000000 0.000000000 0.000000000 1.000000000
252 0.965651698 -0.002906706 0.259823672 29.930232775 0.005410746 0.999945553 -0.008922775 -1.613605016 -0.259783620 0.010022131 0.965614849 224.217375017 0.000000000 0.000000000 0.000000000 1.000000000
253 0.965368787 -0.002159353 0.260880116 30.113667168 0.004612259 0.999950725 -0.008790568 -1.624894599 -0.260848310 0.009689384 0.965331178 224.912527245 0.000000000 0.000000000 0.000000000 1.000000000
254 0.965121606 -0.001507369 0.261797642 30.281976276 0.003933393 0.999954043 -0.008743022 -1.637874435 -0.261772462 0.009467830 0.965083181 225.542521334 0.000000000 0.000000000 0.000000000 1.000000000
255 0.964885266 -0.002426915 0.262660475 30.452520483 0.004852081 0.999951378 -0.008584863 -1.650039859 -0.262626900 0.009557856 0.964850127 226.167264880 0.000000000 0.000000000 0.000000000 1.000000000
256 0.964633594 -0.002823998 0.263579297 30.639162166 0.005049437 0.999957095 -0.007766085 -1.664830591 -0.263546088 0.008822351 0.964606466 226.852418152 0.000000000 0.000000000 0.000000000 1.000000000
257 0.964338635 -0.003521561 0.264648044 30.808538600 0.005509001 0.999961922 -0.006767910 -1.676782263 -0.264614164 0.007984501 0.964321316 227.471322250 0.000000000 0.000000000 0.000000000 1.000000000
258 0.964160930 -0.002726180 0.265304092 30.991115948 0.004665204 0.999966814 -0.006678814 -1.696058932 -0.265277111 0.007677147 0.964141652 228.151584865 0.000000000 0.000000000 0.000000000 1.000000000
259 0.963976481 -0.003556821 0.265963690 31.159451187 0.005391704 0.999966435 -0.006169164 -1.710568323 -0.265932851 0.007380924 0.963963303 228.766965646 0.000000000 0.000000000 0.000000000 1.000000000
260 0.963803045 -0.005138782 0.266565704 31.326987405 0.006706341 0.999965159 -0.004970585 -1.723898885 -0.266530905 0.006578343 0.963803928 229.381174863 0.000000000 0.000000000 0.000000000 1.000000000
261 0.963665213 -0.007216853 0.267015477 31.544842431 0.008859687 0.999948509 -0.004948363 -1.738572244 -0.266966048 0.007134236 0.963679532 230.171197245 0.000000000 0.000000000 0.000000000 1.000000000
262 0.963574233 -0.007245866 0.267342824 31.676395094 0.008956568 0.999946472 -0.005180010 -1.748270576 -0.267291011 0.007385796 0.963587554 230.655816472 0.000000000 0.000000000 0.000000000 1.000000000
263 0.963449100 -0.006293977 0.267817490 31.857517235 0.008207422 0.999948163 -0.006025673 -1.759310837 -0.267765713 0.008003518 0.963450816 231.318191951 0.000000000 0.000000000 0.000000000 1.000000000
264 0.963397901 -0.005510724 0.268018856 32.021172567 0.007861138 0.999939476 -0.007697265 -1.772408389 -0.267960248 0.009522459 0.963382913 231.919153166 0.000000000 0.000000000 0.000000000 1.000000000
265 0.963331652 -0.006294061 0.268239640 32.188706422 0.009106769 0.999915815 -0.009242875 -1.782628806 -0.268158914 0.011346747 0.963307872 232.511323290 0.000000000 0.000000000 0.000000000 1.000000000
266 0.963252342 -0.006796361 0.268512061 32.371458503 0.009683660 0.999908647 -0.009429989 -1.794601908 -0.268423474 0.011683636 0.963230159 233.158726676 0.000000000 0.000000000 0.000000000 1.000000000
267 0.963159195 -0.006743792 0.268847314 32.532264032 0.009369107 0.999920124 -0.008483204 -1.803266963 -0.268768662 0.010689532 0.963145445 233.737890179 0.000000000 0.000000000 0.000000000 1.000000000
268 0.963015407 -0.007154211 0.269351322 32.702520215 0.009217540 0.999937060 -0.006396367 -1.815955207 -0.269288640 0.008642554 0.963020739 234.361218238 0.000000000 0.000000000 0.000000000 1.000000000
269 0.962973698 -0.007672014 0.269486157 32.853152043 0.009327455 0.999944674 -0.004862966 -1.826870088 -0.269433970 0.007196526 0.962991980 234.907350359 0.000000000 0.000000000 0.000000000 1.000000000
270 0.962929120 -0.007314292 0.269655341 33.012149694 0.009005041 0.999946785 -0.005033508 -1.839744906 -0.269604206 0.007275166 0.962943743 235.485847584 0.000000000 0.000000000 0.000000000 1.000000000
271 0.962938674 -0.006598077 0.269639696 33.150259183 0.008200755 0.999954768 -0.004817704 -1.849114999 -0.269595744 0.006850400 0.962949228 235.991656601 0.000000000 0.000000000 0.000000000 1.000000000
272 0.963120889 -0.005803183 0.269006445 33.283095349 0.007229482 0.999964571 -0.004311744 -1.857367918 -0.268971924 0.006097506 0.963128721 236.477382326 0.000000000 0.000000000 0.000000000 1.000000000
273 0.963451506 -0.005119933 0.267833852 33.420017049 0.006385938 0.999972175 -0.003855938 -1.871079440 -0.267806689 0.005425377 0.963457395 236.991272372 0.000000000 0.000000000 0.000000000 1.000000000
274 0.963685259 -0.005060924 0.266992696 33.539752014 0.006236871 0.999974226 -0.003556597 -1.877223693 -0.266967846 0.005092637 0.963691985 237.435356609 0.000000000 0.000000000 0.000000000 1.000000000
275 0.963896409 -0.006150033 0.266206462 33.665974719 0.006897940 0.999974452 -0.001874571 -1.887025274 -0.266188163 0.003643166 0.963914207 237.899051491 0.000000000 0.000000000 0.000000000 1.000000000
276 0.964135477 -0.006628445 0.265327791 33.775623786 0.007064613 0.999974808 -0.000689577 -1.896230807 -0.265316567 0.002539282 0.964158016 238.297849598 0.000000000 0.000000000 0.000000000 1.000000000
277 0.964271304 -0.007002728 0.264824102 33.879651670 0.007455798 0.999971956 -0.000705671 -1.901687258 -0.264811765 0.002654932 0.964296474 238.676983101 0.000000000 0.000000000 0.000000000 1.000000000
278 0.964438806 -0.006204453 0.264233393 33.985370867 0.006451842 0.999979184 -0.000068430 -1.907621548 -0.264227499 0.001770787 0.964458761 239.074411328 0.000000000 0.000000000 0.000000000 1.000000000
279 0.964570151 -0.006037304 0.263757402 34.076873642 0.005966332 0.999981629 0.001070110 -1.913589458 -0.263759047 0.000541466 0.964588451 239.416391365 0.000000000 0.000000000 0.000000000 1.000000000
280 0.964769456 -0.006512792 0.263016106 34.174120578 0.006209567 0.999978752 0.001984116 -1.917241981 -0.263023470 -0.000281000 0.964789399 239.767054554 0.000000000 0.000000000 0.000000000 1.000000000
281 0.964932908 -0.007044562 0.262402074 34.258241520 0.006622279 0.999974963 0.002493624 -1.919817974 -0.262413101 -0.000668481 0.964955401 240.066065913 0.000000000 0.000000000 0.000000000 1.000000000
282 0.965058171 -0.007076755 0.261940142 34.336471952 0.006743378 0.999974905 0.002171588 -1.922754798 -0.261948967 -0.000329348 0.965081674 240.347605683 0.000000000 0.000000000 0.000000000 1.000000000
283 0.965237556 -0.005836625 0.261308987 34.412170112 0.006069638 0.999981576 -0.000084666 -1.933867785 -0.261303709 0.001667772 0.965255199 240.645620116 0.000000000 0.000000000 0.000000000 1.000000000
284 0.965456681 -0.004908644 0.260517357 34.479676317 0.005914039 0.999977783 -0.003075468 -1.943222683 -0.260496503 0.004509939 0.965464262 240.908211153 0.000000000 0.000000000 0.000000000 1.000000000
285 0.965718583 -0.004129179 0.259558394 34.552064849 0.005643172 0.999971133 -0.005088085 -1.952979622 -0.259529922 0.006378388 0.965714007 241.196216625 0.000000000 0.000000000 0.000000000 1.000000000
286 0.965908546 -0.004169310 0.258849937 34.618259172 0.005857268 0.999966314 -0.005750106 -1.959866600 -0.258817273 0.007070228 0.965900429 241.456933894 0.000000000 0.000000000 0.000000000 1.000000000
287 0.966122632 -0.004321944 0.258047231 34.682837427 0.006082007 0.999963367 -0.006022842 -1.966839573 -0.258011778 0.007388247 0.966113526 241.717569008 0.000000000 0.000000000 0.000000000 1.000000000
288 0.966239266 -0.004873805 0.257600309 34.750935721 0.006685625 0.999958690 -0.006158023 -1.974399424 -0.257559684 0.007672340 0.966231935 242.003984400 0.000000000 0.000000000 0.000000000 1.000000000
289 0.966353352 -0.005320180 0.257163153 34.813924884 0.007172527 0.999954648 -0.006265498 -1.979671894 -0.257118186 0.007899192 0.966347685 242.259887305 0.000000000 0.000000000 0.000000000 1.000000000
290 0.966340245 -0.004716249 0.257224180 34.878921374 0.006732321 0.999953132 -0.006957681 -1.986672309 -0.257179341 0.008455200 0.966326707 242.538116588 0.000000000 0.000000000 0.000000000 1.000000000
291 0.966375862 -0.003295893 0.257112469 34.938758953 0.005440439 0.999956092 -0.007629970 -1.992838525 -0.257076063 0.008772221 0.966351362 242.789984570 0.000000000 0.000000000 0.000000000 1.000000000
292 0.966419664 -0.002799846 0.256953663 35.006193372 0.004957699 0.999957676 -0.007750383 -2.001013902 -0.256921118 0.008764019 0.966392642 243.065877929 0.000000000 0.000000000 0.000000000 1.000000000
293 0.966344027 -0.003264212 0.257232497 35.069094694 0.005364390 0.999957761 -0.007463174 -2.008381850 -0.257197300 0.008591886 0.966320721 243.312898911 0.000000000 0.000000000 0.000000000 1.000000000
294 0.966262899 -0.003910586 0.257528076 35.131710220 0.005985369 0.999955638 -0.007273095 -2.018343550 -0.257488239 0.008569120 0.966243440 243.555580406 0.000000000 0.000000000 0.000000000 1.000000000
295 0.966218816 -0.003304577 0.257701904 35.200655698 0.005322413 0.999960396 -0.007132925 -2.027317115 -0.257668157 0.008263560 0.966198138 243.821436340 0.000000000 0.000000000 0.000000000 1.000000000
296 0.966170520 -0.002104528 0.257895501 35.262484565 0.004188255 0.999962873 -0.007530638 -2.036626224 -0.257870107 0.008356010 0.966143464 244.061538699 0.000000000 0.000000000 0.000000000 1.000000000
297 0.966108337 -0.001017491 0.258134923 35.331858795 0.003122784 0.999965124 -0.007745918 -2.045166967 -0.258118069 0.008289493 0.966077820 244.325978147 0.000000000 0.000000000 0.000000000 1.000000000
298 0.966070236 -0.001761009 0.258273480 35.397991022 0.004037110 0.999957549 -0.008282682 -2.055315501 -0.258247960 0.009044329 0.966036334 244.564162976 0.000000000 0.000000000 0.000000000 1.000000000
299 0.966028660 -0.002565568 0.258422207 35.463914883 0.005054288 0.999947026 -0.008966542 -2.063461567 -0.258385544 0.009968075 0.965990454 244.801585683 0.000000000 0.000000000 0.000000000 1.000000000
300 0.965893662 -0.002626677 0.258925717 35.534830408 0.005083043 0.999948204 -0.008817728 -2.070491726 -0.258889174 0.009833115 0.965856984 245.060862564 0.000000000 0.000000000 0.000000000 1.000000000
301 0.965774185 -0.001898176 0.259377355 35.597162999 0.004354736 0.999950941 -0.008896723 -2.076648032 -0.259347773 0.009721742 0.965735071 245.294791503 0.000000000 0.000000000 0.000000000 1.000000000
302 0.965712672 -0.001549733 0.259608600 35.663799085 0.003983323 0.999952920 -0.008848261 -2.087222404 -0.259582696 0.009578980 0.965673379 245.553191296 0.000000000 0.000000000 0.000000000 1.000000000
303 0.965637721 -0.001661911 0.259886555 35.725433791 0.004124081 0.999951631 -0.008929035 -2.095624458 -0.259859176 0.009694004 0.965597868 245.785242062 0.000000000 0.000000000 0.000000000 1.000000000
304 0.965559438 -0.001813679 0.260176236 35.787457983 0.004224353 0.999953173 -0.008706670 -2.102035904 -0.260148292 0.009505882 0.965521886 246.015562783 0.000000000 0.000000000 0.000000000 1.000000000
305 0.965488998 -0.001968096 0.260436389 35.854821020 0.004321634 0.999954836 -0.008464572 -2.108339417 -0.260407998 0.009297959 0.965453899 246.267441679 0.000000000 0.000000000 0.000000000 1.000000000
306 0.965403079 -0.002289942 0.260752071 35.916762406 0.004651435 0.999953567 -0.008439717 -2.113909376 -0.260720667 0.009360597 0.965368904 246.495401123 0.000000000 0.000000000 0.000000000 1.000000000
307 0.965364492 -0.001392348 0.260901226 35.981609085 0.003716447 0.999957689 -0.008414816 -2.125079372 -0.260878501 0.009092987 0.965328821 246.747325449 0.000000000 0.000000000 0.000000000 1.000000000
308 0.965392999 -0.000417436 0.260799109 36.040247824 0.002960329 0.999951834 -0.009357645 -2.135264668 -0.260782672 0.009805854 0.965347736 246.973915655 0.000000000 0.000000000 0.000000000 1.000000000
309 0.965359857 0.000033321 0.260922092 36.100407679 0.002685253 0.999945765 -0.010062601 -2.146605887 -0.260908306 0.010414670 0.965307411 247.198481930 0.000000000 0.000000000 0.000000000 1.000000000
310 0.965258826 -0.000417037 0.261295266 36.167424724 0.003199834 0.999942607 -0.010224657 -2.153507578 -0.261276036 0.010705539 0.965204762 247.443556977 0.000000000 0.000000000 0.000000000 1.000000000
311 0.965217513 -0.000397486 0.261447865 36.226750892 0.003226269 0.999940812 -0.010390558 -2.159730604 -0.261428291 0.010872647 0.965161667 247.665602122 0.000000000 0.000000000 0.000000000 1.000000000
312 0.965215725 0.000073185 0.261454759 36.289982312 0.002793673 0.999939987 -0.010593332 -2.167643358 -0.261439874 0.010955267 0.965157595 247.910480254 0.000000000 0.000000000 0.000000000 1.000000000
313 0.965163531 0.000735313 0.261646345 36.346836241 0.002130078 0.999940831 -0.010667621 -2.175335579 -0.261638738 0.010853323 0.965104857 248.133164181 0.000000000 0.000000000 0.000000000 1.000000000
314 0.965080771 0.000506787 0.261951980 36.411945582 0.002376464 0.999940038 -0.010689884 -2.180196846 -0.261941721 0.010939119 0.965021699 248.373118162 0.000000000 0.000000000 0.000000000 1.000000000
315 0.965060300 0.000196841 0.262027805 36.470292992 0.002693979 0.999939411 -0.010673224 -2.184007916 -0.262014060 0.011006199 0.965001297 248.590081118 0.000000000 0.000000000 0.000000000 1.000000000
316 0.965051394 0.000058663 0.262060671 36.527865342 0.002908029 0.999936007 -0.010932797 -2.189588133 -0.262044573 0.011312788 0.964989467 248.806633757 0.000000000 0.000000000 0.000000000 1.000000000
317 0.965025566 0.000301273 0.262155599 36.593061997 0.002795396 0.999930662 -0.011439316 -2.195120972 -0.262140899 0.011772059 0.964957811 249.041954438 0.000000000 0.000000000 0.000000000 1.000000000
318 0.964971569 0.000655972 0.262353638 36.650133690 0.002407130 0.999932645 -0.011353911 -2.197932307 -0.262343446 0.011587718 0.964904995 249.253767569 0.000000000 0.000000000 0.000000000 1.000000000
319 0.964882904 0.001460140 0.262676306 36.708545485 0.001321499 0.999944914 -0.010412633 -2.199008413 -0.262677070 0.010394095 0.964827823 249.482016356 0.000000000 0.000000000 0.000000000 1.000000000
320 0.964843730 0.002111499 0.262815734 36.758466145 0.000213214 0.999961110 -0.008816579 -2.201360666 -0.262824161 0.008562655 0.964805758 249.682265646 0.000000000 0.000000000 0.000000000 1.000000000
321 0.964786260 0.001949580 0.263027875 36.807190376 -0.000041103 0.999973637 -0.007261106 -2.205050729 -0.263035128 0.006994602 0.964760906 249.874841962 0.000000000 0.000000000 0.000000000 1.000000000
322 0.964721234 0.001298147 0.263270294 36.859674207 0.000386497 0.999979783 -0.006347025 -2.207813095 -0.263273242 0.006224861 0.964701228 250.075196583 0.000000000 0.000000000 0.000000000 1.000000000
323 0.964721973 0.000483283 0.263270342 36.906345445 0.001061457 0.999983047 -0.005725237 -2.208408684 -0.263268677 0.005802710 0.964705106 250.244256224 0.000000000 0.000000000 0.000000000 1.000000000
324 0.964625165 0.000387707 0.263624984 36.951680698 0.000989390 0.999986552 -0.005090915 -2.209158340 -0.263623443 0.005171651 0.964611809 250.416690993 0.000000000 0.000000000 0.000000000 1.000000000
325 0.964567824 0.000993408 0.263833123 36.986495746 0.000232335 0.999989325 -0.004614661 -2.210332660 -0.263834922 0.004512449 0.964557298 250.562253791 0.000000000 0.000000000 0.000000000 1.000000000
326 0.964570235 0.001333673 0.263822811 37.016016583 -0.000251842 0.999991422 -0.004134379 -2.212526792 -0.263826092 0.003921456 0.964562296 250.695740212 0.000000000 0.000000000 0.000000000 1.000000000
327 0.964505989 0.001051209 0.264058864 37.046790238 -0.000049941 0.999992784 -0.003798523 -2.214332940 -0.264060983 0.003650509 0.964499082 250.820941575 0.000000000 0.000000000 0.000000000 1.000000000
328 0.964496698 0.000422375 0.264094553 37.073128429 0.000688668 0.999991299 -0.004114395 -2.217680225 -0.264094023 0.004150192 0.964488015 250.918240900 0.000000000 0.000000000 0.000000000 1.000000000
329 0.964502840 0.000107513 0.264072436 37.096238297 0.001242859 0.999986993 -0.004946569 -2.220070082 -0.264069564 0.005099183 0.964490162 251.008792285 0.000000000 0.000000000 0.000000000 1.000000000
330 0.964464141 -0.000263598 0.264213630 37.111510898 0.001742236 0.999984106 -0.005362064 -2.223254829 -0.264208048 0.005631839 0.964449272 251.083752469 0.000000000 0.000000000 0.000000000 1.000000000
331 0.964444341 -0.001034683 0.264284004 37.126638330 0.002587234 0.999981382 -0.005526550 -2.227602858 -0.264273396 0.006013812 0.964429062 251.146605839 0.000000000 0.000000000 0.000000000 1.000000000
332 0.964420295 -0.002081131 0.264365572 37.140586903 0.003640533 0.999978745 -0.005408864 -2.233457347 -0.264348728 0.006178848 0.964407373 251.204545922 0.000000000 0.000000000 0.000000000 1.000000000
333 0.964371245 -0.002657473 0.264539282 37.150146316 0.004169440 0.999978025 -0.005154142 -2.236991107 -0.264519803 0.006073485 0.964361133 251.244068593 0.000000000 0.000000000 0.000000000 1.000000000
334 0.964361133 -0.002739463 0.264575305 37.155953116 0.004277944 0.999977126 -0.005238893 -2.240951382 -0.264554932 0.006184021 0.964350794 251.276273679 0.000000000 0.000000000 0.000000000 1.000000000
335 0.964341109 -0.002643357 0.264649256 37.157491609 0.004179321 0.999977533 -0.005240871 -2.243149932 -0.264629488 0.006160040 0.964330491 251.293528581 0.000000000 0.000000000 0.000000000 1.000000000
336 0.964329537 -0.002734271 0.264690496 37.155903367 0.004240503 0.999977905 -0.005119304 -2.245360294 -0.264670681 0.006059115 0.964319826 251.299938692 0.000000000 0.000000000 0.000000000 1.000000000
337 0.964339332 -0.002285563 0.264659066 37.152150224 0.004044497 0.999973208 -0.006101304 -2.250958791 -0.264638061 0.006954138 0.964322739 251.300196300 0.000000000 0.000000000 0.000000000 1.000000000
338 0.964358665 -0.001349489 0.264595042 37.148734349 0.003597821 0.999961424 -0.008012822 -2.256987940 -0.264574053 0.008679198 0.964326319 251.303454795 0.000000000 0.000000000 0.000000000 1.000000000
