0	1	2.967450e+02	1.617521e+02	4.552260e+02	2.923728e+02	-4.552284e+00	1.858523e+00	1.341049e+01	-2.115488e+00
0	2	7.376195e+02	1.615320e+02	9.311122e+02	374	1.640400e+00	1.675660e+00	5.776261e+00	-1.675458e+00
0	3	1.106137e+03	1.665768e+02	1.204471e+03	3.238761e+02	6.301919e+00	1.652419e+00	8.455685e+00	-1.900245e+00
1	1	2.948988e+02	1.560243e+02	4.521997e+02	2.846213e+02	-4.650955e+00	1.766774e+00	1.358108e+01	-2.121565e+00
1	2	7.450171e+02	1.563932e+02	9.388397e+02	374	1.700640e+00	1.640419e+00	5.778596e+00	-1.664456e+00
1	3	1.138342e+03	1.608724e+02	1.223338e+03	3.241468e+02	6.352093e+00	1.593046e+00	8.156156e+00	-1.886840e+00
2	1	2.930936e+02	1.504701e+02	4.492592e+02	2.771043e+02	-4.749625e+00	1.675025e+00	1.375168e+01	-2.127642e+00
2	2	7.524061e+02	1.512485e+02	9.465625e+02	374	1.760880e+00	1.605178e+00	5.780931e+00	-1.653453e+00
2	3	1.151358e+03	1.546336e+02	1.223691e+03	3.243758e+02	6.409693e+00	1.533561e+00	7.859055e+00	-1.873436e+00
3	1	2.913280e+02	1.450822e+02	4.464008e+02	2.698115e+02	-4.848295e+00	1.583277e+00	1.392226e+01	-2.133719e+00
3	2	7.597866e+02	1.460983e+02	9.542802e+02	374	1.821119e+00	1.569936e+00	5.783265e+00	-1.642450e+00
3	3	1.154837e+03	1.483609e+02	1241	3.216271e+02	6.463579e+00	1.474131e+00	7.560739e+00	-1.860031e+00
4	1	2.902876e+02	1.466420e+02	4.443872e+02	2.694735e+02	-4.934786e+00	1.601945e+00	1.409865e+01	-2.139796e+00
4	2	7.671590e+02	1.409429e+02	9.619924e+02	374	1.881359e+00	1.534695e+00	5.785600e+00	-1.631447e+00
4	3	1.180675e+03	1.510253e+02	1241	3.250152e+02	6.516488e+00	1.497786e+00	7.267796e+00	-1.846627e+00
5	1	2.892713e+02	1.481553e+02	4.424289e+02	2.691451e+02	-5.021277e+00	1.620613e+00	1.427503e+01	-2.145873e+00
5	2	7.661220e+02	1.440550e+02	9.642679e+02	374	1.895126e+00	1.554621e+00	5.811552e+00	-1.654852e+00
5	3	1.208535e+03	1.537311e+02	1241	3.282877e+02	6.569396e+00	1.521441e+00	6.974853e+00	-1.833223e+00
5	4	3.712556e+02	1.564837e+02	4.561292e+02	1.989467e+02	-1.085081e+01	1.378517e+00	4.028990e+01	1.869776e+00
6	1	2.880441e+02	1.471115e+02	4.393266e+02	2.664438e+02	-5.118224e+00	1.597464e+00	1.443982e+01	-2.147267e+00
6	2	7.651291e+02	1.471246e+02	9.664381e+02	374	1.908893e+00	1.574546e+00	5.837503e+00	-1.678257e+00
6	4	3.793916e+02	1.591467e+02	4.645200e+02	2.017627e+02	-1.034298e+01	1.519619e+00	4.010880e+01	1.882065e+00
7	1	2.868535e+02	1.486604e+02	4.363218e+02	2.663886e+02	-5.214711e+00	1.617953e+00	1.460416e+01	-2.148660e+00
7	2	7.641809e+02	1.501517e+02	9.685035e+02	374	1.922660e+00	1.594472e+00	5.863455e+00	-1.701662e+00
7	4	3.876039e+02	1.618362e+02	4.729855e+02	2.046266e+02	-9.835156e+00	1.660720e+00	3.992771e+01	1.894354e+00
8	1	2.856941e+02	1.517569e+02	4.334035e+02	2.679290e+02	-5.310908e+00	1.665835e+00	1.476821e+01	-2.150054e+00
8	2	7.632777e+02	1.531365e+02	9.704649e+02	374	1.936427e+00	1.614397e+00	5.889406e+00	-1.725068e+00
8	4	3.958932e+02	1.645523e+02	4.815270e+02	2.075549e+02	-9.327330e+00	1.801822e+00	3.974661e+01	1.906643e+00
9	1	2.845445e+02	1.518414e+02	4.305351e+02	2.664881e+02	-5.407646e+00	1.662509e+00	1.493280e+01	-2.151447e+00
9	2	7.624203e+02	1.560791e+02	9.723231e+02	374	1.950193e+00	1.634322e+00	5.915358e+00	-1.748473e+00
9	4	4.042604e+02	1.672954e+02	4.901458e+02	2.105117e+02	-8.819504e+00	1.942924e+00	3.956552e+01	1.918932e+00
10	1	2.834453e+02	1.580686e+02	4.277815e+02	2.712496e+02	-5.503235e+00	1.767942e+00	1.509625e+01	-2.152841e+00
10	2	7.607756e+02	1.563671e+02	9.679647e+02	374	1.950046e+00	1.634862e+00	5.980300e+00	-1.750818e+00
10	4	4.127062e+02	1.700659e+02	4.988430e+02	2.134975e+02	-8.311678e+00	2.084025e+00	3.938442e+01	1.931221e+00
11	1	2.824429e+02	1.583811e+02	4.257086e+02	2.703000e+02	-5.584318e+00	1.770644e+00	1.523874e+01	-2.155689e+00
11	2	7.591618e+02	1.566478e+02	9.637153e+02	374	1.949899e+00	1.635402e+00	6.045242e+00	-1.753162e+00
11	4	4.194116e+02	1.693464e+02	5.060923e+02	2.130686e+02	-7.881526e+00	2.048446e+00	3.914043e+01	1.942977e+00
12	1	2.814574e+02	1.586868e+02	4.236787e+02	2.693712e+02	-5.665401e+00	1.773347e+00	1.538123e+01	-2.158537e+00
12	2	7.575780e+02	1.569216e+02	9.595710e+02	374	1.949752e+00	1.635942e+00	6.110184e+00	-1.755507e+00
12	4	4.262048e+02	1.686174e+02	5.134301e+02	2.126336e+02	-7.451374e+00	2.012867e+00	3.889645e+01	1.954734e+00
13	1	2.804883e+02	1.589859e+02	4.216906e+02	2.684625e+02	-5.746484e+00	1.776050e+00	1.552373e+01	-2.161385e+00
13	2	7.560234e+02	1.571887e+02	9.555278e+02	374	1.949604e+00	1.636481e+00	6.175126e+00	-1.757852e+00
13	4	4.330871e+02	1.678786e+02	5.208583e+02	2.121923e+02	-7.021222e+00	1.977288e+00	3.865246e+01	1.966490e+00
14	1	2.795352e+02	1.592785e+02	4.197428e+02	2.675733e+02	-5.827567e+00	1.778753e+00	1.566622e+01	-2.164233e+00
14	2	7.544973e+02	1.574494e+02	9.515821e+02	374	1.949457e+00	1.637021e+00	6.240068e+00	-1.760197e+00
14	4	4.400602e+02	1.671299e+02	5.283787e+02	2.117447e+02	-6.591070e+00	1.941710e+00	3.840847e+01	1.978247e+00
15	1	2.785979e+02	1.595649e+02	4.178342e+02	2.667031e+02	-5.908650e+00	1.781455e+00	1.580871e+01	-2.167082e+00
15	2	7.485763e+02	1.619207e+02	9.449545e+02	374	1.925884e+00	1.669392e+00	6.326126e+00	-1.786378e+00
15	4	4.471256e+02	1.663711e+02	5.359933e+02	2.112905e+02	-6.160918e+00	1.906131e+00	3.816448e+01	1.990003e+00
16	1	2.785838e+02	1.529256e+02	4.153264e+02	2.590759e+02	-5.981431e+00	1.653812e+00	1.593576e+01	-2.160770e+00
16	2	7.428224e+02	1.662339e+02	9.384819e+02	374	1.902311e+00	1.701763e+00	6.412183e+00	-1.812559e+00
16	4	4.545196e+02	1.666638e+02	5.439161e+02	2.118933e+02	-5.718926e+00	1.922118e+00	3.791963e+01	2.001759e+00
17	1	2.786257e+02	1.581797e+02	4.129392e+02	2.633954e+02	-6.051844e+00	1.750316e+00	1.606047e+01	-2.154458e+00
17	2	7.372307e+02	1.703963e+02	9.321566e+02	374	1.878737e+00	1.734134e+00	6.498241e+00	-1.838741e+00
17	4	4.620124e+02	1.669607e+02	5.519404e+02	2.125041e+02	-5.276933e+00	1.938106e+00	3.767479e+01	2.013516e+00
18	1	2.798398e+02	1.652958e+02	4.118479e+02	2.694902e+02	-6.100129e+00	1.884195e+00	1.619914e+01	-2.148146e+00
18	2	7.317965e+02	1.744145e+02	9.259716e+02	374	1.855164e+00	1.766505e+00	6.584298e+00	-1.864922e+00
18	4	4.695522e+02	1.714623e+02	5.600402e+02	2.173377e+02	-4.835893e+00	2.155274e+00	3.742135e+01	2.025272e+00
19	1	2.810355e+02	1.720275e+02	4.107720e+02	2.754661e+02	-6.148414e+00	2.018074e+00	1.633780e+01	-2.141834e+00
19	2	7.265154e+02	1.782950e+02	9.199201e+02	374	1.831591e+00	1.798876e+00	6.670355e+00	-1.891103e+00
19	4	4.771973e+02	1.760294e+02	5.682490e+02	2.222411e+02	-4.394853e+00	2.372442e+00	3.716791e+01	2.037028e+00
20	1	2.822131e+02	1.784235e+02	4.097110e+02	2.813262e+02	-6.196699e+00	2.151953e+00	1.647647e+01	-2.135522e+00
20	2	7.185314e+02	1.774372e+02	9.105004e+02	374	1.779747e+00	1.792479e+00	6.761353e+00	-1.918182e+00
20	4	4.849497e+02	1.801317e+02	5.765694e+02	2.272157e+02	-3.953814e+00	2.589610e+00	3.691447e+01	2.048785e+00
21	1	2.871047e+02	1.763605e+02	4.103502e+02	2.781519e+02	-6.184840e+00	2.109358e+00	1.662080e+01	-2.115769e+00
21	2	7.107560e+02	1.766106e+02	9.013302e+02	374	1.727903e+00	1.786082e+00	6.852350e+00	-1.945262e+00
21	4	4.940550e+02	1.783727e+02	5.860469e+02	2.255053e+02	-3.458806e+00	2.493326e+00	3.670076e+01	2.060860e+00
22	1	2.919102e+02	1.726718e+02	4.109395e+02	2.732670e+02	-6.173353e+00	2.031611e+00	1.676550e+01	-2.096016e+00
22	2	7.031828e+02	1.758139e+02	8.923979e+02	374	1.676059e+00	1.779685e+00	6.943347e+00	-1.972341e+00
22	4	5.032669e+02	1.765918e+02	5.956364e+02	2.237731e+02	-2.963799e+00	2.397042e+00	3.648706e+01	2.072936e+00
23	1	2.966398e+02	1.690349e+02	4.114932e+02	2.684692e+02	-6.161866e+00	1.953864e+00	1.691020e+01	-2.076262e+00
23	2	6.958059e+02	1.750457e+02	8.836516e+02	374	1.624215e+00	1.773288e+00	7.034344e+00	-1.999420e+00
23	4	5.125869e+02	1.746015e+02	6.053401e+02	2.220189e+02	-2.468792e+00	2.300758e+00	3.627335e+01	2.085011e+00
24	1	3.013169e+02	1.696193e+02	4.120450e+02	2.681811e+02	-6.149430e+00	1.965950e+00	1.705397e+01	-2.056509e+00
24	2	6.886196e+02	1.743047e+02	8.751036e+02	374	1.572371e+00	1.766891e+00	7.125341e+00	-2.026499e+00
24	4	5.220166e+02	1.725305e+02	6.151605e+02	2.202422e+02	-1.973785e+00	2.204474e+00	3.605964e+01	2.097086e+00
25	1	3.059220e+02	1.701963e+02	4.125636e+02	2.678929e+02	-6.136993e+00	1.978037e+00	1.719773e+01	-2.036756e+00
25	2	6.790981e+02	1.721615e+02	8.610699e+02	3.737785e+02	1.477971e+00	1.747422e+00	7.216373e+00	-2.025242e+00
25	4	5.292741e+02	1.703430e+02	6.234307e+02	2.185789e+02	-1.569057e+00	2.104583e+00	3.569069e+01	2.109162e+00
26	1	3.135208e+02	1.596968e+02	4.147801e+02	2.560728e+02	-6.072986e+00	1.753010e+00	1.736044e+01	-2.007943e+00
26	2	6.697972e+02	1.700760e+02	8.474140e+02	3.686698e+02	1.383570e+00	1.727953e+00	7.307405e+00	-2.023985e+00
26	4	5.332703e+02	1.681146e+02	6.293631e+02	2.172192e+02	-1.299621e+00	2.006489e+00	3.510132e+01	2.121237e+00
27	1	3.210099e+02	1.540923e+02	4.169518e+02	2.494451e+02	-6.007883e+00	1.631726e+00	1.752206e+01	-1.979131e+00
27	2	6.607091e+02	1.680457e+02	8.341209e+02	3.637059e+02	1.289170e+00	1.708484e+00	7.398437e+00	-2.022728e+00
27	4	5.442616e+02	1.658206e+02	6.404865e+02	2.151386e+02	-7.596020e-01	1.904801e+00	3.495279e+01	2.133313e+00
28	1	3.284088e+02	1.564777e+02	4.191043e+02	2.508382e+02	-5.941016e+00	1.677461e+00	1.768194e+01	-1.950319e+00
28	2	6.518267e+02	1.660685e+02	8.211763e+02	3.588808e+02	1.194770e+00	1.689015e+00	7.489468e+00	-2.021471e+00
28	4	5.520011e+02	1.634826e+02	6.492835e+02	2.133590e+02	-3.548750e-01	1.804910e+00	3.458384e+01	2.145388e+00
29	1	3.343404e+02	1.574215e+02	4.224219e+02	2.507031e+02	-5.850514e+00	1.692951e+00	1.785724e+01	-1.921507e+00
29	2	6.431430e+02	1.641184e+02	8.085667e+02	3.541887e+02	1.100370e+00	1.669546e+00	7.580500e+00	-2.020214e+00
29	4	5.599113e+02	1.610911e+02	6.582679e+02	2.115381e+02	4.985300e-02	1.705019e+00	3.421489e+01	2.157463e+00
30	1	3.384881e+02	1.597979e+02	4.256558e+02	2.521009e+02	-5.759661e+00	1.741767e+00	1.803218e+01	-1.892695e+00
30	2	6.345408e+02	1.636536e+02	7.953128e+02	3.515947e+02	9.972980e-01	1.664201e+00	7.655361e+00	-2.007641e+00
30	4	5.679974e+02	1.586444e+02	6.674462e+02	2.096745e+02	4.545800e-01	1.605128e+00	3.384594e+01	2.169539e+00
31	1	3.449269e+02	1.588209e+02	4.311150e+02	2.501373e+02	-5.570381e+00	1.717663e+00	1.820631e+01	-1.843510e+00
31	2	6.261220e+02	1.631996e+02	7.822887e+02	3.490542e+02	8.942260e-01	1.658857e+00	7.730222e+00	-1.995068e+00
31	4	5.768640e+02	1.582871e+02	6.774511e+02	2.099247e+02	8.874610e-01	1.596629e+00	3.347036e+01	2.182523e+00
32	1	3.517933e+02	1.583903e+02	4.369296e+02	2.487925e+02	-5.394201e+00	1.705520e+00	1.836924e+01	-1.806513e+00
32	2	6.178805e+02	1.627558e+02	7.694888e+02	3.465657e+02	7.911550e-01	1.653512e+00	7.805084e+00	-1.982495e+00
32	4	5.859346e+02	1.579214e+02	6.876821e+02	2.101805e+02	1.320341e+00	1.588130e+00	3.309477e+01	2.195507e+00
33	1	3.602790e+02	1.590710e+02	4.488089e+02	2.485617e+02	-5.176517e+00	1.718598e+00	1.853731e+01	-1.767138e+00
33	2	6.098108e+02	1.623218e+02	7.569077e+02	3.441276e+02	6.880830e-01	1.648167e+00	7.879945e+00	-1.969922e+00
33	4	5.952158e+02	1.575472e+02	6.981472e+02	2.104420e+02	1.753221e+00	1.579631e+00	3.271919e+01	2.208490e+00
34	1	3.680367e+02	1.576529e+02	4.596104e+02	2.463530e+02	-4.971489e+00	1.683825e+00	1.867502e+01	-1.731800e+00
34	2	6.019074e+02	1.618881e+02	7.445401e+02	3.417385e+02	5.850110e-01	1.642822e+00	7.954806e+00	-1.957349e+00
34	4	6.047146e+02	1.571641e+02	7.088550e+02	2.107094e+02	2.186102e+00	1.571132e+00	3.234360e+01	2.221474e+00
35	1	3.746442e+02	1.585556e+02	4.723370e+02	2.466744e+02	-4.740171e+00	1.703393e+00	1.877850e+01	-1.677493e+00
35	2	5.958788e+02	1.620985e+02	7.349452e+02	3.410928e+02	5.021010e-01	1.644600e+00	7.989120e+00	-1.942844e+00
35	4	6.144382e+02	1.567718e+02	7.198147e+02	2.109829e+02	2.618982e+00	1.562633e+00	3.196802e+01	2.234458e+00
36	1	3.851165e+02	1.568643e+02	4.864587e+02	2.441982e+02	-4.448687e+00	1.661889e+00	1.891246e+01	-1.632032e+00
36	2	5.899238e+02	1.623081e+02	7.253961e+02	3.404488e+02	4.191900e-01	1.646378e+00	8.023434e+00	-1.928338e+00
36	4	6.260552e+02	1.570182e+02	7.332890e+02	2.121784e+02	3.123659e+00	1.582988e+00	3.144930e+01	2.251083e+00
37	1	3.955094e+02	1.551976e+02	5.003679e+02	2.417532e+02	-4.157203e+00	1.620386e+00	1.904643e+01	-1.586571e+00
37	2	5.840408e+02	1.625169e+02	7.158930e+02	3.398065e+02	3.362790e-01	1.648156e+00	8.057747e+00	-1.913833e+00
37	4	6.380655e+02	1.572739e+02	7.472149e+02	2.134154e+02	3.628335e+00	1.603344e+00	3.093057e+01	2.267709e+00
38	1	4.082239e+02	1.565858e+02	5.151215e+02	2.426874e+02	-3.808993e+00	1.651402e+00	1.912064e+01	-1.549703e+00
38	2	5.782283e+02	1.627248e+02	7.064363e+02	3.391661e+02	2.533680e-01	1.649933e+00	8.092061e+00	-1.899327e+00
38	4	6.504882e+02	1.575394e+02	7.616163e+02	2.146962e+02	4.133012e+00	1.623700e+00	3.041185e+01	2.284334e+00
39	1	4.208655e+02	1.579718e+02	5.297642e+02	2.435981e+02	-3.460783e+00	1.682418e+00	1.919485e+01	-1.512835e+00
39	2	5.724847e+02	1.629318e+02	6.970262e+02	3.385275e+02	1.704570e-01	1.651711e+00	8.126375e+00	-1.884821e+00
39	4	6.633438e+02	1.578152e+02	7.765192e+02	2.160231e+02	4.637689e+00	1.644055e+00	2.989313e+01	2.300960e+00
40	1	4.334331e+02	1.593550e+02	5.442991e+02	2.444854e+02	-3.112573e+00	1.713435e+00	1.926907e+01	-1.475967e+00
40	2	5.713165e+02	1.641862e+02	6.950725e+02	3.402876e+02	1.522690e-01	1.664894e+00	8.107548e+00	-1.878464e+00
40	4	6.766540e+02	1.581019e+02	7.919514e+02	2.173987e+02	5.142366e+00	1.664411e+00	2.937441e+01	2.317585e+00
41	1	4.491589e+02	1.609043e+02	5.615350e+02	2.458792e+02	-2.676493e+00	1.749317e+00	1.929187e+01	-1.439670e+00
41	2	5.701464e+02	1.654486e+02	6.931036e+02	3.420557e+02	1.340810e-01	1.678077e+00	8.088720e+00	-1.872106e+00
41	4	6.904419e+02	1.584000e+02	8.079428e+02	2.188254e+02	5.647043e+00	1.684766e+00	2.885569e+01	2.334211e+00
42	1	4.648556e+02	1.624574e+02	5.787447e+02	2.474239e+02	-2.240413e+00	1.785200e+00	1.931468e+01	-1.403373e+00
42	2	5.689746e+02	1.667190e+02	6.911193e+02	3.438320e+02	1.158930e-01	1.691260e+00	8.069893e+00	-1.865748e+00
42	4	7.047323e+02	1.587102e+02	8.245254e+02	2.203063e+02	6.151719e+00	1.705122e+00	2.833696e+01	2.350837e+00
43	1	4.805196e+02	1.640134e+02	5.959315e+02	2.489560e+02	-1.804334e+00	1.821083e+00	1.933748e+01	-1.367077e+00
43	2	5.678008e+02	1.679974e+02	6.891197e+02	3.456163e+02	9.770600e-02	1.704442e+00	8.051066e+00	-1.859390e+00
43	4	7.195520e+02	1.590332e+02	8.417342e+02	2.218444e+02	6.656396e+00	1.725477e+00	2.781824e+01	2.367462e+00
44	1	4.997703e+02	1.632789e+02	6.154179e+02	2.481775e+02	-1.289517e+00	1.803016e+00	1.935877e+01	-1.336048e+00
44	2	5.666252e+02	1.692839e+02	6.871046e+02	3.474087e+02	7.951800e-02	1.717625e+00	8.032238e+00	-1.853032e+00
44	4	7.349292e+02	1.593696e+02	8.596063e+02	2.234430e+02	7.161073e+00	1.745833e+00	2.729952e+01	2.384088e+00
45	1	5.189458e+02	1.625478e+02	6.348997e+02	2.473909e+02	-7.747010e-01	1.784950e+00	1.938005e+01	-1.305020e+00
45	2	5.723110e+02	1.683671e+02	6.920107e+02	3.470575e+02	1.373090e-01	1.708537e+00	8.007089e+00	-1.836616e+00
45	4	7.508947e+02	1.597203e+02	8.781825e+02	2.251057e+02	7.665750e+00	1.766189e+00	2.678080e+01	2.400713e+00
46	1	5.395848e+02	1.611997e+02	6.561353e+02	2.462872e+02	-2.143890e-01	1.753212e+00	1.933920e+01	-1.272862e+00
46	2	5.780292e+02	1.674417e+02	6.969458e+02	3.466979e+02	1.951010e-01	1.699448e+00	7.981940e+00	-1.820199e+00
46	4	7.678570e+02	1.581294e+02	8.984997e+02	2.250952e+02	8.170191e+00	1.723612e+00	2.618136e+01	2.419891e+00
47	1	5.602771e+02	1.598468e+02	6.775019e+02	2.451677e+02	3.459220e-01	1.721474e+00	1.929834e+01	-1.240705e+00
47	2	5.837799e+02	1.665078e+02	7.019102e+02	3.463296e+02	2.528920e-01	1.690360e+00	7.956791e+00	-1.803782e+00
47	4	7.856027e+02	1.564605e+02	9.197875e+02	2.250822e+02	8.674632e+00	1.681035e+00	2.558192e+01	2.439070e+00
48	1	5.810185e+02	1.584898e+02	6.990050e+02	2.440327e+02	9.062340e-01	1.689736e+00	1.925748e+01	-1.208547e+00
48	2	5.895636e+02	1.655654e+02	7.069041e+02	3.459529e+02	3.106840e-01	1.681272e+00	7.931642e+00	-1.787366e+00
48	4	8.041850e+02	1.547078e+02	9.421195e+02	2.250665e+02	9.179073e+00	1.638459e+00	2.498249e+01	2.458248e+00
49	1	6.018045e+02	1.571290e+02	7.206496e+02	2.428827e+02	1.466545e+00	1.657998e+00	1.921663e+01	-1.176389e+00
49	2	5.953804e+02	1.646143e+02	7.119278e+02	3.455675e+02	3.684750e-01	1.672183e+00	7.906493e+00	-1.770949e+00
49	4	8.236619e+02	1.528650e+02	9.655767e+02	2.250480e+02	9.683514e+00	1.595882e+00	2.438305e+01	2.477427e+00
50	1	6.226310e+02	1.557652e+02	7.424411e+02	2.417178e+02	2.026856e+00	1.626259e+00	1.917577e+01	-1.144231e+00
50	2	6.057927e+02	1.641043e+02	7.211508e+02	3.452973e+02	4.747430e-01	1.667415e+00	7.892890e+00	-1.746485e+00
50	4	8.440970e+02	1.509252e+02	9.902489e+02	2.250263e+02	1.018796e+01	1.553305e+00	2.378361e+01	2.496605e+00
51	1	6.443162e+02	1.551582e+02	7.655841e+02	2.415151e+02	2.608513e+00	1.613145e+00	1.909267e+01	-1.110061e+00
51	2	6.162322e+02	1.635919e+02	7.304032e+02	3.450128e+02	5.810100e-01	1.662646e+00	7.879286e+00	-1.722021e+00
51	4	8.618304e+02	1.503328e+02	1.012607e+03	2.265983e+02	1.055955e+01	1.553982e+00	2.315009e+01	2.512855e+00
52	1	6.661377e+02	1.545498e+02	7.889934e+02	2.413002e+02	3.190170e+00	1.600030e+00	1.900957e+01	-1.075890e+00
52	2	6.266998e+02	1.630771e+02	7.396846e+02	3.447141e+02	6.872780e-01	1.657877e+00	7.865682e+00	-1.697558e+00
52	4	8.805457e+02	1.497056e+02	1.036248e+03	2.282632e+02	1.093115e+01	1.554658e+00	2.251657e+01	2.529106e+00
53	1	6.880921e+02	1.539401e+02	8.126781e+02	2.410729e+02	3.771827e+00	1.586915e+00	1.892646e+01	-1.041720e+00
53	2	6.371962e+02	1.625599e+02	7.489945e+02	3.444014e+02	7.935450e-01	1.653108e+00	7.852079e+00	-1.673094e+00
53	4	9.003244e+02	1.490404e+02	1.061286e+03	2.300296e+02	1.130274e+01	1.555335e+00	2.188305e+01	2.545356e+00
54	1	7.101758e+02	1.533294e+02	8.366474e+02	2.408333e+02	4.353483e+00	1.573801e+00	1.884336e+01	-1.007550e+00
54	2	6.477223e+02	1.620406e+02	7.583322e+02	3.440747e+02	8.998130e-01	1.648340e+00	7.838475e+00	-1.648630e+00
54	4	9.212575e+02	1.483337e+02	1.087852e+03	2.319069e+02	1.167434e+01	1.556012e+00	2.124953e+01	2.561606e+00
55	1	7.323858e+02	1.527178e+02	8.609109e+02	2.405814e+02	4.935140e+00	1.560686e+00	1.876026e+01	-9.733790e-01
55	2	6.677527e+02	1.614176e+02	7.707841e+02	3.424992e+02	1.080956e+00	1.642247e+00	7.853299e+00	-1.574651e+00
55	4	9.434467e+02	1.475812e+02	1.116093e+03	2.339061e+02	1.204594e+01	1.556688e+00	2.061601e+01	2.577856e+00
56	1	7.545221e+02	1.523198e+02	8.863012e+02	2.407006e+02	5.514587e+00	1.553145e+00	1.864251e+01	-9.334640e-01
56	2	6.877943e+02	1.608074e+02	7.829440e+02	3.412621e+02	1.262099e+00	1.636155e+00	7.868123e+00	-1.500672e+00
56	4	9.609693e+02	1.463920e+02	1.139019e+03	2.353435e+02	1.227960e+01	1.545818e+00	2.005376e+01	2.588914e+00
57	1	7.768688e+02	1.519231e+02	9.121145e+02	2.408071e+02	6.094033e+00	1.545604e+00	1.852476e+01	-8.935480e-01
57	2	7.062102e+02	1.602116e+02	7.948186e+02	3.408837e+02	1.443242e+00	1.630062e+00	7.882947e+00	-1.426694e+00
57	4	9.794876e+02	1.451288e+02	1.163290e+03	2.368702e+02	1.251326e+01	1.534948e+00	1.949150e+01	2.599971e+00
58	1	7.994243e+02	1.515279e+02	9.383666e+02	2.409005e+02	6.673480e+00	1.538063e+00	1.840701e+01	-8.536330e-01
58	2	7.177474e+02	1.596314e+02	8.064165e+02	3.403872e+02	1.624386e+00	1.623969e+00	7.897771e+00	-1.352715e+00
58	4	9.990879e+02	1.437842e+02	1.189027e+03	2.384947e+02	1.274692e+01	1.524078e+00	1.892925e+01	2.611029e+00
59	1	8.221871e+02	1.511343e+02	9.650737e+02	2.409807e+02	7.252927e+00	1.530522e+00	1.828927e+01	-8.137180e-01
59	2	7.380103e+02	1.576731e+02	8.271306e+02	3.385729e+02	1.857756e+00	1.604900e+00	7.899165e+00	-1.315524e+00
59	4	1.019866e+03	1.423504e+02	1.216368e+03	2.402269e+02	1.298059e+01	1.513208e+00	1.836699e+01	2.622086e+00
60	1	8.451562e+02	1.507425e+02	9.922523e+02	2.410476e+02	7.832373e+00	1.522981e+00	1.817152e+01	-7.738030e-01
60	2	7.537620e+02	1.571992e+02	8.435966e+02	3.389709e+02	2.039147e+00	1.600756e+00	7.871332e+00	-1.280545e+00
60	4	1.041931e+03	1.408179e+02	1241	2.420778e+02	1.321425e+01	1.502338e+00	1.780474e+01	2.633144e+00
61	1	8.661848e+02	1.505585e+02	1.016806e+03	2.411962e+02	8.359084e+00	1.519604e+00	1.808004e+01	-7.405130e-01
61	2	7.695981e+02	1.567251e+02	8.601610e+02	3.393454e+02	2.220538e+00	1.596612e+00	7.843499e+00	-1.245566e+00
61	4	1.055036e+03	1.397742e+02	1241	2.440162e+02	1.325530e+01	1.500088e+00	1.735201e+01	2.635821e+00
62	1	8.873444e+02	1.503771e+02	1.041720e+03	2.413362e+02	8.885795e+00	1.516227e+00	1.798857e+01	-7.072230e-01
62	2	7.855168e+02	1.562509e+02	8.777399e+02	3.396957e+02	2.401929e+00	1.592467e+00	7.815666e+00	-1.210587e+00
62	4	1.068852e+03	1.386672e+02	1241	2.460722e+02	1.329635e+01	1.497839e+00	1.689929e+01	2.638498e+00
63	1	9.086346e+02	1.501983e+02	1.067004e+03	2.414675e+02	9.412506e+00	1.512849e+00	1.789710e+01	-6.739330e-01
63	2	8.015162e+02	1.557768e+02	8.969137e+02	3.400211e+02	2.583320e+00	1.588323e+00	7.787832e+00	-1.175608e+00
63	4	1.083438e+03	1.374910e+02	1241	2.482569e+02	1.333740e+01	1.495589e+00	1.644657e+01	2.641176e+00
64	1	9.300555e+02	1.500222e+02	1.092668e+03	2.415900e+02	9.939216e+00	1.509472e+00	1.780562e+01	-6.406430e-01
64	2	8.175944e+02	1.553031e+02	9.162818e+02	3.403211e+02	2.764710e+00	1.584178e+00	7.759999e+00	-1.140629e+00
64	4	1.098860e+03	1.362390e+02	1241	2.505827e+02	1.337845e+01	1.493340e+00	1.599385e+01	2.643853e+00
65	1	9.516073e+02	1.498487e+02	1.118722e+03	2.417038e+02	1.046593e+01	1.506094e+00	1.771415e+01	-6.073530e-01
65	2	8.360113e+02	1.562473e+02	9.350793e+02	3.399706e+02	2.982311e+00	1.591726e+00	7.807655e+00	-1.117154e+00
65	4	1.115194e+03	1.349035e+02	1241	2.530638e+02	1.341950e+01	1.491090e+00	1.554112e+01	2.646530e+00
66	1	9.711984e+02	1.506742e+02	1.141090e+03	2.426481e+02	1.094566e+01	1.523929e+00	1.766477e+01	-5.852140e-01
66	2	8.541273e+02	1.571802e+02	9.537219e+02	3.396124e+02	3.199912e+00	1.599274e+00	7.855311e+00	-1.093678e+00
66	4	1.121709e+03	1.344536e+02	1241	2.557322e+02	1.330350e+01	1.501353e+00	1.520998e+01	2.639747e+00
67	1	9.908269e+02	1.515033e+02	1.163670e+03	2.435907e+02	1.142539e+01	1.541763e+00	1.761539e+01	-5.630740e-01
67	2	8.719491e+02	1.581018e+02	9.722124e+02	3.392468e+02	3.417513e+00	1.606822e+00	7.902966e+00	-1.070203e+00
67	4	1.128548e+03	1.343358e+02	1241	2.578513e+02	1.318749e+01	1.511616e+00	1.487883e+01	2.632964e+00
68	1	1.007270e+03	1.524170e+02	1.181111e+03	2.444884e+02	1.182908e+01	1.561183e+00	1.760404e+01	-5.528750e-01
68	2	8.894832e+02	1.590122e+02	9.905534e+02	3.388740e+02	3.635114e+00	1.614370e+00	7.950622e+00	-1.046727e+00
68	4	1.135734e+03	1.344073e+02	1241	2.599405e+02	1.307149e+01	1.521879e+00	1.454768e+01	2.626180e+00
69	1	1.023698e+03	1.533306e+02	1.198613e+03	2.453849e+02	1.223276e+01	1.580603e+00	1.759269e+01	-5.426760e-01
69	2	9.067362e+02	1.599112e+02	1.008747e+03	3.384942e+02	3.852715e+00	1.621918e+00	7.998278e+00	-1.023251e+00
69	4	1.143295e+03	1.344761e+02	1241	2.621105e+02	1.295548e+01	1.532142e+00	1.421653e+01	2.619397e+00
70	1	1.040111e+03	1.542441e+02	1.216176e+03	2.462802e+02	1.263645e+01	1.600024e+00	1.758135e+01	-5.324760e-01
70	2	9.190288e+02	1.593959e+02	1.019315e+03	3.370120e+02	3.997807e+00	1.616157e+00	8.036273e+00	-1.021579e+00
70	4	1.151260e+03	1.345420e+02	1241	2.643664e+02	1.283948e+01	1.542405e+00	1.388539e+01	2.612614e+00
71	1	1.051796e+03	1.534605e+02	1.227934e+03	2.450386e+02	1.297027e+01	1.580631e+00	1.764938e+01	-5.254720e-01
71	2	9.311933e+02	1.588861e+02	1.029794e+03	3.355457e+02	4.142899e+00	1.610395e+00	8.074268e+00	-1.019906e+00
71	4	1.152144e+03	1.344472e+02	1241	2.666827e+02	1.264166e+01	1.552614e+00	1.365816e+01	2.596872e+00
72	1	1.063372e+03	1.526848e+02	1.239621e+03	2.438088e+02	1.330409e+01	1.561237e+00	1.771741e+01	-5.184680e-01
72	2	9.432319e+02	1.583818e+02	1.040183e+03	3.340950e+02	4.287990e+00	1.604634e+00	8.112262e+00	-1.018233e+00
72	4	1.153099e+03	1.343468e+02	1241	2.690915e+02	1.244384e+01	1.562823e+00	1.343094e+01	2.581130e+00
73	1	1.074841e+03	1.519169e+02	1241	2.425908e+02	1.363790e+01	1.541844e+00	1.778544e+01	-5.114640e-01
73	2	9.551463e+02	1.578828e+02	1.050485e+03	3.326597e+02	4.433082e+00	1.598873e+00	8.150257e+00	-1.016561e+00
73	4	1.154130e+03	1.342405e+02	1241	2.715985e+02	1.224602e+01	1.573032e+00	1.320371e+01	2.565388e+00
74	1	1.082842e+03	1.535926e+02	1241	2.434436e+02	1.393404e+01	1.574691e+00	1.792107e+01	-5.044600e-01
74	2	9.669386e+02	1.573891e+02	1.061262e+03	3.312395e+02	4.578174e+00	1.593112e+00	8.188252e+00	-1.014888e+00
74	4	1.155240e+03	1.341280e+02	1241	2.742098e+02	1.204819e+01	1.583241e+00	1.297649e+01	2.549646e+00
75	1	1.090711e+03	1.552382e+02	1241	2.442806e+02	1.423018e+01	1.607537e+00	1.805670e+01	-4.974560e-01
75	2	9.679187e+02	1.591537e+02	1.060752e+03	3.301308e+02	4.647763e+00	1.608511e+00	8.309849e+00	-1.016173e+00
75	4	1.156433e+03	1.340089e+02	1241	2.769322e+02	1.185037e+01	1.593450e+00	1.274926e+01	2.533905e+00
76	1	1.093359e+03	1.571518e+02	1241	2.448359e+02	1.444712e+01	1.645779e+00	1.833733e+01	-5.170030e-01
76	2	9.688689e+02	1.608610e+02	1.060259e+03	3.290582e+02	4.717352e+00	1.623911e+00	8.431445e+00	-1.017459e+00
76	4	1.150635e+03	1.352821e+02	1241	2.815032e+02	1.156651e+01	1.627589e+00	1.258529e+01	2.511845e+00
77	1	1.095973e+03	1.590085e+02	1241	2.453715e+02	1.466406e+01	1.684022e+00	1.861796e+01	-5.365490e-01
77	2	9.697907e+02	1.625138e+02	1.059781e+03	3.280200e+02	4.786940e+00	1.639310e+00	8.553042e+00	-1.018744e+00
77	4	1.144676e+03	1.366246e+02	1241	2.862623e+02	1.128264e+01	1.661727e+00	1.242132e+01	2.489785e+00
78	1	1.098553e+03	1.608107e+02	1241	2.458881e+02	1.488100e+01	1.722265e+00	1.889860e+01	-5.560950e-01
78	2	9.706853e+02	1.641145e+02	1.059319e+03	3.270144e+02	4.856529e+00	1.654709e+00	8.674638e+00	-1.020030e+00
78	4	1.138544e+03	1.380401e+02	1241	2.912199e+02	1.099878e+01	1.695865e+00	1.225735e+01	2.467725e+00
79	1	1.101098e+03	1.625605e+02	1241	2.463864e+02	1.509793e+01	1.760508e+00	1.917923e+01	-5.756410e-01
79	2	9.715539e+02	1.656656e+02	1.058871e+03	3.260400e+02	4.926118e+00	1.670109e+00	8.796235e+00	-1.021315e+00
79	4	1.132228e+03	1.395329e+02	1241	2.963870e+02	1.071491e+01	1.730003e+00	1.209338e+01	2.445665e+00
80	1	1.103611e+03	1.642601e+02	1241	2.468671e+02	1.531487e+01	1.798750e+00	1.945986e+01	-5.951870e-01
80	2	9.657526e+02	1.669356e+02	1.051081e+03	3.241523e+02	4.930001e+00	1.682712e+00	8.954395e+00	-1.029396e+00
80	4	1.125714e+03	1.411073e+02	1241	3.017753e+02	1.043105e+01	1.764141e+00	1.192941e+01	2.423606e+00
81	1	1.098529e+03	1.657932e+02	1.239077e+03	2.466709e+02	1.540742e+01	1.833020e+00	1.986259e+01	-6.173640e-01
81	2	9.601824e+02	1.697064e+02	1.043615e+03	3.238929e+02	4.934069e+00	1.712831e+00	9.112372e+00	-1.037476e+00
81	4	1.117641e+03	1.391724e+02	1241	3.041659e+02	1.011388e+01	1.751625e+00	1.175867e+01	2.398709e+00
82	1	1.093663e+03	1.672639e+02	1.228132e+03	2.464788e+02	1.549997e+01	1.867289e+00	2.026533e+01	-6.395410e-01
82	2	9.548048e+02	1.721302e+02	1.036425e+03	3.233990e+02	4.938108e+00	1.740160e+00	9.270378e+00	-1.045557e+00
82	4	1.109277e+03	1.371442e+02	1241	3.066397e+02	9.796710e+00	1.739109e+00	1.158793e+01	2.373812e+00
83	1	1.087115e+03	1.664349e+02	1.215624e+03	2.438923e+02	1.556471e+01	1.843429e+00	2.070525e+01	-6.617180e-01
83	2	9.495499e+02	1.701527e+02	1.029429e+03	3.185925e+02	4.941612e+00	1.716879e+00	9.428913e+00	-1.053638e+00
83	4	1.100603e+03	1.350171e+02	1241	3.092012e+02	9.479542e+00	1.726593e+00	1.141718e+01	2.348916e+00
84	1	1.080849e+03	1.656424e+02	1.203650e+03	2.414145e+02	1.562945e+01	1.819570e+00	2.114516e+01	-6.838950e-01
84	2	9.444876e+02	1.691189e+02	1.022701e+03	3.148361e+02	4.945226e+00	1.704017e+00	9.587339e+00	-1.061718e+00
84	4	1.091593e+03	1.327850e+02	1241	3.118550e+02	9.162374e+00	1.714077e+00	1.124644e+01	2.324019e+00
85	1	1.074847e+03	1.648842e+02	1.192175e+03	2.390389e+02	1.569419e+01	1.795710e+00	2.158508e+01	-7.060720e-01
85	2	9.368365e+02	1.693648e+02	1.013298e+03	3.123507e+02	4.911032e+00	1.706320e+00	9.752810e+00	-1.076036e+00
85	4	1.082222e+03	1.304415e+02	1241	3.146059e+02	8.845206e+00	1.701561e+00	1.107570e+01	2.299123e+00
86	1	1.063335e+03	1.653431e+02	1.173717e+03	2.375756e+02	1.563724e+01	1.803800e+00	2.213728e+01	-7.384130e-01
86	2	9.294462e+02	1.696018e+02	1.004234e+03	3.099538e+02	4.876837e+00	1.708623e+00	9.918281e+00	-1.090354e+00
86	4	1.076944e+03	1.289637e+02	1241	3.187458e+02	8.554215e+00	1.700514e+00	1.085883e+01	2.273414e+00
87	1	1.052389e+03	1.657801e+02	1.156187e+03	2.361797e+02	1.558028e+01	1.811891e+00	2.268949e+01	-7.707550e-01
87	2	9.223043e+02	1.698306e+02	9.954897e+02	3.076408e+02	4.842643e+00	1.710926e+00	1.008375e+01	-1.104671e+00
87	4	1.071420e+03	1.274021e+02	1241	3.231170e+02	8.263224e+00	1.699467e+00	1.064195e+01	2.247706e+00
88	1	1.041970e+03	1.661967e+02	1.139512e+03	2.348466e+02	1.552332e+01	1.819981e+00	2.324169e+01	-8.030960e-01
88	2	9.153988e+02	1.700514e+02	9.870490e+02	3.054073e+02	4.808448e+00	1.713229e+00	1.024922e+01	-1.118989e+00
88	4	1.065624e+03	1.257498e+02	1241	3.277392e+02	7.972233e+00	1.698420e+00	1.042508e+01	2.221997e+00
89	1	1.032046e+03	1.665942e+02	1.123629e+03	2.335720e+02	1.546636e+01	1.828072e+00	2.379390e+01	-8.354370e-01
89	2	9.087186e+02	1.702647e+02	9.788962e+02	3.032495e+02	4.774254e+00	1.715532e+00	1.041470e+01	-1.133306e+00
89	4	1.059528e+03	1.239990e+02	1241	3.326337e+02	7.681242e+00	1.697373e+00	1.020820e+01	2.196289e+00
90	1	1.022583e+03	1.669740e+02	1.108480e+03	2.323523e+02	1.540941e+01	1.836162e+00	2.434610e+01	-8.677790e-01
90	2	9.012044e+02	1.705453e+02	9.700387e+02	3.015054e+02	4.727437e+00	1.718782e+00	1.056060e+01	-1.137263e+00
90	4	1.053099e+03	1.221409e+02	1241	3.378245e+02	7.390251e+00	1.696327e+00	9.991331e+00	2.170580e+00
91	1	1.007988e+03	1.675353e+02	1.088343e+03	2.313166e+02	1.517448e+01	1.850411e+00	2.492404e+01	-9.039720e-01
91	2	8.939038e+02	1.708175e+02	9.614464e+02	2.998135e+02	4.680620e+00	1.722033e+00	1.070650e+01	-1.141220e+00
91	4	1.054826e+03	1.200567e+02	1241	3.439302e+02	7.132702e+00	1.694852e+00	9.712975e+00	2.137725e+00
92	1	9.940528e+02	1.680711e+02	1.069143e+03	2.303236e+02	1.493956e+01	1.864660e+00	2.550197e+01	-9.401650e-01
92	2	8.868077e+02	1.710817e+02	9.531075e+02	2.981715e+02	4.633803e+00	1.725283e+00	1.085240e+01	-1.145176e+00
92	4	1.048972e+03	1.177954e+02	1241	3.505598e+02	6.875154e+00	1.693376e+00	9.434619e+00	2.104871e+00
93	1	9.807370e+02	1.685832e+02	1.050813e+03	2.293705e+02	1.470464e+01	1.878909e+00	2.607991e+01	-9.763580e-01
93	2	8.799077e+02	1.713382e+02	9.450110e+02	2.965771e+02	4.586986e+00	1.728533e+00	1.099830e+01	-1.149133e+00
93	4	1.037411e+03	1.153335e+02	1241	3.577832e+02	6.617605e+00	1.691901e+00	9.156263e+00	2.072016e+00
94	1	9.680029e+02	1.690729e+02	1.033293e+03	2.284550e+02	1.446972e+01	1.893158e+00	2.665784e+01	-1.012551e+00
94	2	8.731959e+02	1.715874e+02	9.371466e+02	2.950283e+02	4.540169e+00	1.731784e+00	1.114420e+01	-1.153090e+00
94	4	1.025415e+03	1.126430e+02	1241	3.656837e+02	6.360056e+00	1.690426e+00	8.877906e+00	2.039161e+00
95	1	9.558159e+02	1.695417e+02	1.016527e+03	2.275749e+02	1.423480e+01	1.907407e+00	2.723578e+01	-1.048744e+00
95	2	8.661170e+02	1.720244e+02	9.296359e+02	2.937279e+02	4.493155e+00	1.737732e+00	1.128943e+01	-1.148114e+00
95	4	1.012954e+03	1.096905e+02	1241	374	6.102507e+00	1.688951e+00	8.599550e+00	2.006307e+00
96	1	9.411634e+02	1.718231e+02	9.987845e+02	2.284996e+02	1.392271e+01	1.986017e+00	2.783963e+01	-1.076699e+00
96	2	8.592339e+02	1.724492e+02	9.232682e+02	2.924633e+02	4.446142e+00	1.743680e+00	1.143465e+01	-1.143139e+00
96	4	1.005866e+03	1.080889e+02	1241	374	5.875351e+00	1.703418e+00	8.250658e+00	1.980888e+00
97	1	9.271366e+02	1.740006e+02	9.830601e+02	2.293785e+02	1.361062e+01	2.064628e+00	2.844348e+01	-1.104655e+00
97	2	8.525387e+02	1.728625e+02	9.170474e+02	2.912331e+02	4.399128e+00	1.749628e+00	1.157987e+01	-1.138163e+00
97	4	9.983892e+02	1.062481e+02	1241	374	5.648195e+00	1.717885e+00	7.901766e+00	1.955470e+00
98	1	9.104179e+02	1.737602e+02	9.648053e+02	2.280552e+02	1.314034e+01	2.057342e+00	2.896721e+01	-1.132610e+00
98	2	8.460238e+02	1.732646e+02	9.109683e+02	2.900359e+02	4.352115e+00	1.755577e+00	1.172509e+01	-1.133188e+00
98	4	9.904836e+02	1.041165e+02	1241	374	5.421039e+00	1.732352e+00	7.552874e+00	1.930052e+00
99	1	8.942910e+02	1.735294e+02	9.472296e+02	2.267795e+02	1.267005e+01	2.050057e+00	2.949094e+01	-1.160565e+00
99	2	8.396822e+02	1.736561e+02	9.050261e+02	2.888705e+02	4.305102e+00	1.761525e+00	1.187031e+01	-1.128213e+00
99	4	9.821049e+02	1.016262e+02	1241	374	5.193883e+00	1.746819e+00	7.203982e+00	1.904633e+00
100	1	8.787269e+02	1.733079e+02	9.302969e+02	2.255489e+02	1.219976e+01	2.042771e+00	3.001467e+01	-1.188521e+00
100	2	8.350159e+02	1.733743e+02	9.008457e+02	2.876425e+02	4.264556e+00	1.757280e+00	1.196038e+01	-1.123425e+00
100	4	9.732015e+02	9.868657e+01	1241	374	4.966727e+00	1.761286e+00	6.855090e+00	1.879215e+00
101	1	8.627731e+02	1.728237e+02	9.130102e+02	2.240657e+02	1.165780e+01	2.025293e+00	3.054974e+01	-1.233017e+00
101	2	8.304268e+02	1.730971e+02	8.967217e+02	2.864342e+02	4.224010e+00	1.753034e+00	1.205045e+01	-1.118637e+00
101	4	9.712544e+02	9.240828e+01	1241	374	4.804232e+00	1.763068e+00	6.441657e+00	1.854415e+00
102	1	8.448718e+02	1.723591e+02	8.963183e+02	2.226313e+02	1.111584e+01	2.007816e+00	3.108482e+01	-1.277514e+00
102	2	8.259131e+02	1.728243e+02	8.926528e+02	2.852453e+02	4.183464e+00	1.748788e+00	1.214052e+01	-1.113850e+00
102	4	9.692054e+02	8.461299e+01	1241	374	4.641737e+00	1.764851e+00	6.028223e+00	1.829616e+00
103	1	8.275160e+02	1.719132e+02	8.801914e+02	2.212437e+02	1.057387e+01	1.990338e+00	3.161989e+01	-1.322010e+00
103	2	8.214729e+02	1.725560e+02	8.886380e+02	2.840753e+02	4.142918e+00	1.744543e+00	1.223059e+01	-1.109062e+00
103	4	9.670420e+02	8.168601e+01	1241	374	4.479241e+00	1.766633e+00	5.614790e+00	1.804816e+00
104	1	8.112106e+02	1.714737e+02	8.611768e+02	2.200250e+02	9.950850e+00	1.971754e+00	3.208680e+01	-1.328690e+00
104	2	8.171044e+02	1.722919e+02	8.846761e+02	2.829236e+02	4.102372e+00	1.740297e+00	1.232066e+01	-1.104275e+00
104	4	9.647488e+02	8.211924e+01	1241	374	4.316746e+00	1.768416e+00	5.201357e+00	1.780017e+00
105	1	7.953396e+02	1.710479e+02	8.427521e+02	2.188441e+02	9.327827e+00	1.953170e+00	3.255372e+01	-1.335369e+00
105	2	8.140325e+02	1.729816e+02	8.813974e+02	2.830227e+02	4.068226e+00	1.751185e+00	1.238171e+01	-1.106086e+00
105	4	9.623068e+02	8.170995e+01	1241	374	4.154251e+00	1.770198e+00	4.787923e+00	1.755217e+00
106	1	7.785560e+02	1.712422e+02	8.267551e+02	2.184008e+02	8.692406e+00	1.961174e+00	3.294659e+01	-1.373104e+00
106	2	8.109916e+02	1.736640e+02	8.781500e+02	2.831207e+02	4.034081e+00	1.762073e+00	1.244275e+01	-1.107898e+00
106	4	9.693805e+02	8.330272e+01	1241	374	4.056250e+00	1.770923e+00	4.318044e+00	1.732359e+00
107	1	7.621546e+02	1.714326e+02	8.111426e+02	2.180542e+02	8.056986e+00	1.969177e+00	3.333946e+01	-1.410839e+00
107	2	8.079813e+02	1.743392e+02	8.749333e+02	2.832176e+02	3.999935e+00	1.772961e+00	1.250379e+01	-1.109710e+00
107	4	9.775712e+02	8.402636e+01	1241	374	3.958250e+00	1.771648e+00	3.848166e+00	1.709500e+00
108	1	7.461214e+02	1.716192e+02	7.959019e+02	2.177113e+02	7.421565e+00	1.977181e+00	3.373233e+01	-1.448573e+00
108	2	8.050011e+02	1.750072e+02	8.717471e+02	2.833134e+02	3.965789e+00	1.783848e+00	1.256483e+01	-1.111522e+00
108	4	9.871463e+02	8.398350e+01	1241	374	3.860250e+00	1.772373e+00	3.378287e+00	1.686641e+00
109	1	7.304431e+02	1.718019e+02	7.810204e+02	2.173720e+02	6.786144e+00	1.985185e+00	3.412521e+01	-1.486308e+00
109	2	8.020506e+02	1.756683e+02	8.685907e+02	2.834083e+02	3.931643e+00	1.794736e+00	1.262587e+01	-1.113333e+00
109	4	9.984647e+02	8.322406e+01	1241	374	3.762249e+00	1.773098e+00	2.908408e+00	1.663783e+00
109	6	8.739209e+02	1.871303e+02	9.821193e+02	2.442187e+02	9.645580e+00	1.969339e+00	2.181443e+01	-8.044290e-01
110	1	7.146554e+02	1.718622e+02	7.637895e+02	2.170257e+02	6.061219e+00	1.987643e+00	3.442323e+01	-1.499595e+00
110	2	7.979676e+02	1.751899e+02	8.609898e+02	2.825081e+02	3.843106e+00	1.787559e+00	1.267176e+01	-1.152452e+00
110	4	1.012019e+03	8.393734e+01	1241	374	3.664249e+00	1.773823e+00	2.438529e+00	1.640924e+00
110	6	8.633838e+02	1.865429e+02	9.719457e+02	2.447805e+02	9.162753e+00	1.943332e+00	2.140921e+01	-8.258360e-01
111	1	6.991171e+02	1.719215e+02	7.468808e+02	2.166850e+02	5.336294e+00	1.990102e+00	3.472125e+01	-1.512881e+00
111	2	7.939483e+02	1.747159e+02	8.534314e+02	2.816020e+02	3.754569e+00	1.780381e+00	1.271765e+01	-1.191570e+00
111	4	1.040243e+03	8.120649e+01	1241	374	3.620682e+00	1.769254e+00	1.937674e+00	1.620291e+00
111	6	8.524039e+02	1.859366e+02	9.614132e+02	2.453640e+02	8.679926e+00	1.917325e+00	2.100398e+01	-8.472430e-01
112	1	6.838221e+02	1.719799e+02	7.302857e+02	2.163497e+02	4.611369e+00	1.992560e+00	3.501927e+01	-1.526167e+00
112	2	7.899903e+02	1.742466e+02	8.459161e+02	2.806905e+02	3.666032e+00	1.773204e+00	1.276354e+01	-1.230689e+00
112	4	1.075514e+03	7.835297e+01	1241	374	3.577114e+00	1.764685e+00	1.436819e+00	1.599657e+00
112	6	8.409510e+02	1.853103e+02	9.505036e+02	2.459705e+02	8.197099e+00	1.891318e+00	2.059875e+01	-8.686500e-01
113	1	6.687645e+02	1.720372e+02	7.139959e+02	2.160197e+02	3.886444e+00	1.995019e+00	3.531730e+01	-1.539454e+00
113	2	7.860914e+02	1.737820e+02	8.391251e+02	2.797739e+02	3.577495e+00	1.766026e+00	1.280942e+01	-1.269807e+00
113	4	1.120803e+03	7.535275e+01	1241	374	3.533546e+00	1.760115e+00	9.359640e-01	1.579024e+00
113	5	0	1.753327e+02	2.516224e+02	2.788243e+02	-8.507631e+00	1.593847e+00	1.165592e+01	4.736100e-02
113	6	8.322915e+02	1.847547e+02	9.421766e+02	2.467094e+02	7.801927e+00	1.868010e+00	2.019347e+01	-8.900570e-01
114	1	6.539383e+02	1.720937e+02	6.980034e+02	2.156948e+02	3.161519e+00	1.997477e+00	3.561532e+01	-1.552740e+00
114	2	7.822491e+02	1.733224e+02	8.350615e+02	2.788529e+02	3.488957e+00	1.758849e+00	1.285531e+01	-1.308926e+00
114	4	1.181021e+03	7.216720e+01	1241	374	3.489979e+00	1.755546e+00	4.351090e-01	1.558391e+00
114	5	0	1.750509e+02	2.372967e+02	2.859637e+02	-8.382176e+00	1.587298e+00	1.092056e+01	2.888300e-02
114	6	8.232475e+02	1.841802e+02	9.335362e+02	2.474795e+02	7.406756e+00	1.844702e+00	1.978820e+01	-9.114640e-01
115	1	6.393382e+02	1.721492e+02	6.823005e+02	2.153751e+02	2.436594e+00	1.999936e+00	3.591334e+01	-1.566026e+00
115	2	7.736179e+02	1.740731e+02	8.259680e+02	2.789408e+02	3.329392e+00	1.771643e+00	1.292446e+01	-1.342369e+00
115	5	0	1.747279e+02	2.211076e+02	2.940527e+02	-8.256721e+00	1.580750e+00	1.018521e+01	1.040500e-02
115	6	8.155552e+02	1.848052e+02	9.269170e+02	2.499953e+02	7.041350e+00	1.854915e+00	1.931249e+01	-9.297460e-01
116	1	6.249586e+02	1.722039e+02	6.668796e+02	2.150602e+02	1.711669e+00	2.002394e+00	3.621137e+01	-1.579313e+00
116	2	7.634728e+02	1.748152e+02	8.169563e+02	2.790190e+02	3.169826e+00	1.784437e+00	1.299361e+01	-1.375812e+00
116	5	0	1.743539e+02	2.026777e+02	3.032961e+02	-8.131265e+00	1.574201e+00	9.449847e+00	-8.072000e-03
116	6	8.074409e+02	1.854581e+02	9.199887e+02	2.526543e+02	6.675945e+00	1.865128e+00	1.883678e+01	-9.480280e-01
117	1	6.107943e+02	1.722577e+02	6.517336e+02	2.147502e+02	9.867440e-01	2.004853e+00	3.650939e+01	-1.592599e+00
117	2	7.529630e+02	1.755485e+02	8.080252e+02	2.790877e+02	3.010260e+00	1.797231e+00	1.306276e+01	-1.409255e+00
117	5	0	1.739156e+02	1.815211e+02	3.139613e+02	-8.005810e+00	1.567653e+00	8.714489e+00	-2.655000e-02
117	6	7.988673e+02	1.861409e+02	9.127304e+02	2.554689e+02	6.310539e+00	1.875342e+00	1.836107e+01	-9.663110e-01
117	7	7.334153e+02	1.860489e+02	8.199754e+02	2.385606e+02	5.096025e+00	1.899656e+00	2.271251e+01	-1.631951e+00
118	1	5.952802e+02	1.722997e+02	6.365105e+02	2.145761e+02	2.108040e-01	2.007036e+00	3.669767e+01	-1.620078e+00
118	2	7.425690e+02	1.762730e+02	7.991737e+02	2.791471e+02	2.850695e+00	1.810026e+00	1.313191e+01	-1.442698e+00
118	5	0	1.733946e+02	1.569996e+02	3.264050e+02	-7.880355e+00	1.561104e+00	7.979130e+00	-4.502700e-02
118	6	7.897924e+02	1.868555e+02	9.051193e+02	2.584532e+02	5.945134e+00	1.885555e+00	1.788536e+01	-9.845930e-01
118	7	7.230380e+02	1.862664e+02	8.120476e+02	2.401751e+02	4.692560e+00	1.897226e+00	2.219636e+01	-1.650218e+00
119	1	5.799070e+02	1.723417e+02	6.214596e+02	2.144018e+02	-5.651370e-01	2.009219e+00	3.688595e+01	-1.647557e+00
119	2	7.322888e+02	1.769888e+02	7.904005e+02	2.791974e+02	2.691129e+00	1.822820e+00	1.320106e+01	-1.476141e+00
119	5	0	1.737740e+02	1.277622e+02	3.412410e+02	-7.783558e+00	1.563773e+00	7.278088e+00	-6.364900e-02
119	6	7.801691e+02	1.876045e+02	8.971302e+02	2.616228e+02	5.579728e+00	1.895768e+00	1.740965e+01	-1.002875e+00
119	7	7.122040e+02	1.864933e+02	8.037025e+02	2.418741e+02	4.289095e+00	1.894795e+00	2.168021e+01	-1.668485e+00
120	1	5.646720e+02	1.723838e+02	6.065790e+02	2.142273e+02	-1.341077e+00	2.011402e+00	3.707423e+01	-1.675037e+00
120	2	7.152661e+02	1.765878e+02	7.743963e+02	2.783086e+02	2.400394e+00	1.816620e+00	1.326386e+01	-1.515058e+00
120	5	0	1.746706e+02	9.335946e+01	3.485940e+02	-7.686761e+00	1.566442e+00	6.577045e+00	-8.227000e-02
120	6	7.728477e+02	1.875133e+02	8.912783e+02	2.639894e+02	5.273482e+00	1.883524e+00	1.691929e+01	-1.021501e+00
120	7	7.008809e+02	1.867303e+02	7.949080e+02	2.436646e+02	3.885630e+00	1.892364e+00	2.116406e+01	-1.686752e+00
120	10	6.575568e+02	1.819361e+02	7.210979e+02	2.263750e+02	2.985247e+00	1.961234e+00	2.812694e+01	-1.684104e+00
121	1	5.495725e+02	1.724259e+02	5.918666e+02	2.140528e+02	-2.117017e+00	2.013586e+00	3.726252e+01	-1.702516e+00
121	2	6.983979e+02	1.761925e+02	7.585399e+02	2.775321e+02	2.109658e+00	1.810421e+00	1.332666e+01	-1.553975e+00
121	6	7.650443e+02	1.874179e+02	8.851068e+02	2.665163e+02	4.967236e+00	1.871280e+00	1.642892e+01	-1.040127e+00
121	7	6.890332e+02	1.869782e+02	7.856290e+02	2.455539e+02	3.482166e+00	1.889933e+00	2.064792e+01	-1.705019e+00
121	8	4.141156e+02	1.803074e+02	4.848306e+02	2.326055e+02	-5.058704e+00	1.748989e+00	2.301309e+01	1.484354e+00
121	10	6.453140e+02	1.815190e+02	7.102096e+02	2.268563e+02	2.481103e+00	1.936886e+00	2.757252e+01	-1.702287e+00
122	1	5.346058e+02	1.724680e+02	5.773203e+02	2.138782e+02	-2.892958e+00	2.015769e+00	3.745080e+01	-1.729995e+00
122	2	6.816802e+02	1.758030e+02	7.428309e+02	2.767506e+02	1.818923e+00	1.804221e+00	1.338945e+01	-1.592892e+00
122	6	7.567074e+02	1.873178e+02	8.785905e+02	2.692204e+02	4.660990e+00	1.859036e+00	1.593855e+01	-1.058753e+00
122	7	6.766220e+02	1.872376e+02	7.758266e+02	2.475507e+02	3.078701e+00	1.887502e+00	2.013177e+01	-1.723286e+00
122	8	3.950380e+02	1.806486e+02	4.688060e+02	2.346660e+02	-5.452760e+00	1.752278e+00	2.235910e+01	1.466140e+00
122	10	6.325907e+02	1.810229e+02	6.988502e+02	2.273581e+02	1.976960e+00	1.912539e+00	2.701810e+01	-1.720470e+00
123	1	5.197695e+02	1.725101e+02	5.629381e+02	2.137036e+02	-3.668898e+00	2.017952e+00	3.763908e+01	-1.757474e+00
123	2	6.651095e+02	1.754193e+02	7.272690e+02	2.759641e+02	1.528187e+00	1.798022e+00	1.345225e+01	-1.631809e+00
123	6	7.477778e+02	1.872128e+02	8.717011e+02	2.721213e+02	4.354745e+00	1.846793e+00	1.544819e+01	-1.077379e+00
123	7	6.657938e+02	1.867605e+02	7.681833e+02	2.488446e+02	2.736864e+00	1.861971e+00	1.958541e+01	-1.740930e+00
123	8	3.746819e+02	1.810118e+02	4.519059e+02	2.368643e+02	-5.846816e+00	1.755566e+00	2.170510e+01	1.447925e+00
123	10	6.193569e+02	1.804890e+02	6.869898e+02	2.278816e+02	1.472817e+00	1.888191e+00	2.646369e+01	-1.738654e+00
124	1	5.045927e+02	1.725567e+02	5.471029e+02	2.136407e+02	-4.487671e+00	2.020306e+00	3.773443e+01	-1.770955e+00
124	2	6.486821e+02	1.750414e+02	7.118535e+02	2.751729e+02	1.237452e+00	1.791822e+00	1.351505e+01	-1.670726e+00
124	6	7.381874e+02	1.871024e+02	8.644074e+02	2.752411e+02	4.048499e+00	1.834549e+00	1.495782e+01	-1.096005e+00
124	7	6.543910e+02	1.862594e+02	7.600538e+02	2.502204e+02	2.395028e+00	1.836440e+00	1.903906e+01	-1.758574e+00
124	8	3.523412e+02	1.814229e+02	4.338144e+02	2.394367e+02	-6.232901e+00	1.758719e+00	2.098649e+01	1.429711e+00
124	10	6.055801e+02	1.799319e+02	6.745959e+02	2.284285e+02	9.686730e-01	1.863843e+00	2.590927e+01	-1.756837e+00
124	11	5.776529e+02	1.804931e+02	6.377408e+02	2.189985e+02	-2.028090e-01	1.865769e+00	3.098216e+01	-1.801912e+00
125	1	4.894784e+02	1.726031e+02	5.313635e+02	2.135776e+02	-5.306443e+00	2.022661e+00	3.782979e+01	-1.784435e+00
125	2	6.301998e+02	1.747657e+02	6.931612e+02	2.748831e+02	8.902600e-01	1.787120e+00	1.352307e+01	-1.696148e+00
125	6	7.308969e+02	1.863301e+02	8.603406e+02	2.781146e+02	3.797119e+00	1.806937e+00	1.441956e+01	-1.109985e+00
125	7	6.423649e+02	1.857323e+02	7.513926e+02	2.516862e+02	2.053191e+00	1.810909e+00	1.849270e+01	-1.776217e+00
125	8	3.282256e+02	1.818214e+02	4.145664e+02	2.422133e+02	-6.618987e+00	1.761872e+00	2.026788e+01	1.411496e+00
125	10	5.912250e+02	1.793499e+02	6.616332e+02	2.290004e+02	4.645300e-01	1.839496e+00	2.535485e+01	-1.775021e+00
125	11	5.662009e+02	1.806340e+02	6.276737e+02	2.200705e+02	-6.539340e-01	1.864488e+00	3.030634e+01	-1.817339e+00
126	1	4.744257e+02	1.726494e+02	5.157194e+02	2.135145e+02	-6.125216e+00	2.025015e+00	3.792514e+01	-1.797915e+00
126	2	6.117218e+02	1.744915e+02	6.745087e+02	2.745887e+02	5.430670e-01	1.782419e+00	1.353109e+01	-1.721570e+00
126	6	7.229646e+02	1.855063e+02	8.559901e+02	2.812500e+02	3.545739e+00	1.779326e+00	1.388131e+01	-1.123965e+00
126	7	6.296610e+02	1.851770e+02	7.421485e+02	2.532512e+02	1.711354e+00	1.785379e+00	1.794635e+01	-1.793861e+00
126	8	3.036002e+02	1.822149e+02	3.948851e+02	2.448884e+02	-7.005057e+00	1.765480e+00	1.963387e+01	1.393282e+00
126	9	3.406935e+02	1.771013e+02	4.106766e+02	2.344295e+02	-7.982484e+00	1.941643e+00	2.479843e+01	1.392126e+00
126	10	5.799257e+02	1.790554e+02	6.517777e+02	2.300489e+02	8.642200e-02	1.824659e+00	2.473959e+01	-1.786541e+00
126	11	5.542463e+02	1.807817e+02	6.171265e+02	2.211948e+02	-1.105058e+00	1.863208e+00	2.963051e+01	-1.832766e+00
126	15	5.346790e+02	1.835985e+02	5.786076e+02	2.140058e+02	-2.653718e+00	1.896564e+00	3.483153e+01	-1.822336e+00
127	1	4.594341e+02	1.726955e+02	5.001701e+02	2.134512e+02	-6.943989e+00	2.027370e+00	3.802049e+01	-1.811396e+00
127	2	5.932467e+02	1.742186e+02	6.558974e+02	2.742896e+02	1.958750e-01	1.777717e+00	1.353911e+01	-1.746992e+00
127	6	7.142998e+02	1.846255e+02	8.513263e+02	2.846849e+02	3.294360e+00	1.751714e+00	1.334305e+01	-1.137945e+00
127	7	6.162183e+02	1.845911e+02	7.322635e+02	2.549261e+02	1.369518e+00	1.759848e+00	1.739999e+01	-1.811505e+00
127	8	2.756154e+02	1.841664e+02	3.748324e+02	2.502721e+02	-7.338655e+00	1.811952e+00	1.885126e+01	1.384846e+00
127	9	3.216701e+02	1.779494e+02	3.937099e+02	2.371077e+02	-8.358699e+00	1.964094e+00	2.411442e+01	1.366175e+00
127	10	5.680772e+02	1.787453e+02	6.413920e+02	2.311554e+02	-2.916860e-01	1.809822e+00	2.412433e+01	-1.798062e+00
127	11	5.417545e+02	1.809365e+02	6.060649e+02	2.223754e+02	-1.556183e+00	1.861927e+00	2.895469e+01	-1.848192e+00
127	15	5.236016e+02	1.833350e+02	5.677137e+02	2.143482e+02	-3.124155e+00	1.873219e+00	3.415313e+01	-1.826487e+00
128	1	4.445030e+02	1.727414e+02	4.847150e+02	2.133879e+02	-7.762761e+00	2.029724e+00	3.811585e+01	-1.824876e+00
128	2	5.747731e+02	1.739471e+02	6.373289e+02	2.739860e+02	-1.513180e-01	1.773016e+00	1.354713e+01	-1.772414e+00
128	6	7.123742e+02	1.836796e+02	8.522054e+02	2.883541e+02	3.163470e+00	1.724226e+00	1.281572e+01	-1.151925e+00
128	7	6.123337e+02	1.850677e+02	7.328514e+02	2.583571e+02	1.273391e+00	1.762642e+00	1.680991e+01	-1.816865e+00
128	8	2.535962e+02	1.862172e+02	3.595347e+02	2.556400e+02	-7.534025e+00	1.859040e+00	1.817922e+01	1.376409e+00
128	9	3.014281e+02	1.788491e+02	3.758343e+02	2.399577e+02	-8.734915e+00	1.986545e+00	2.343041e+01	1.340225e+00
128	10	5.556379e+02	1.784184e+02	6.304325e+02	2.323249e+02	-6.697940e-01	1.794985e+00	2.350907e+01	-1.809583e+00
128	11	5.286876e+02	1.810990e+02	5.944513e+02	2.236165e+02	-2.007307e+00	1.860647e+00	2.827886e+01	-1.863619e+00
128	15	5.120917e+02	1.830614e+02	5.563606e+02	2.147054e+02	-3.594592e+00	1.849874e+00	3.347472e+01	-1.830638e+00
129	1	4.380580e+02	1.728187e+02	4.771683e+02	2.132875e+02	-8.164352e+00	2.033578e+00	3.827381e+01	-1.822111e+00
129	2	5.562997e+02	1.736771e+02	6.188043e+02	2.736778e+02	-4.985100e-01	1.768314e+00	1.355515e+01	-1.797835e+00
129	6	7.102703e+02	1.826648e+02	8.531378e+02	2.924023e+02	3.032580e+00	1.696738e+00	1.228839e+01	-1.165905e+00
129	7	6.081923e+02	1.855749e+02	7.334845e+02	2.620754e+02	1.177264e+00	1.765436e+00	1.621982e+01	-1.822225e+00
129	8	2.296479e+02	1.884074e+02	3.431932e+02	2.614791e+02	-7.729395e+00	1.906128e+00	1.750717e+01	1.367973e+00
129	9	2.881116e+02	1.819926e+02	3.586035e+02	2.452224e+02	-8.969900e+00	2.073401e+00	2.275830e+01	1.274407e+00
129	10	5.493041e+02	1.795933e+02	6.264333e+02	2.350258e+02	-8.224400e-01	1.825543e+00	2.292746e+01	-1.821104e+00
129	11	5.225506e+02	1.820330e+02	5.899906e+02	2.254542e+02	-2.176977e+00	1.888670e+00	2.774798e+01	-1.875296e+00
129	15	5.062853e+02	1.844902e+02	5.511636e+02	2.169241e+02	-3.782531e+00	1.910069e+00	3.286902e+01	-1.834788e+00
130	1	4.316649e+02	1.728952e+02	4.696851e+02	2.131881e+02	-8.565944e+00	2.037432e+00	3.843178e+01	-1.819345e+00
130	2	5.442993e+02	1.746455e+02	6.058822e+02	2.747049e+02	-7.319440e-01	1.785500e+00	1.355053e+01	-1.803696e+00
130	6	7.137458e+02	1.824904e+02	8.626146e+02	2.993834e+02	2.994795e+00	1.685065e+00	1.166450e+01	-1.165695e+00
130	7	6.037674e+02	1.861158e+02	7.341682e+02	2.661184e+02	1.081137e+00	1.768231e+00	1.562974e+01	-1.827584e+00
130	8	2.100685e+02	1.906572e+02	3.306218e+02	2.675988e+02	-7.805040e+00	1.951351e+00	1.686055e+01	1.359537e+00
130	9	2.702512e+02	1.864256e+02	3.521132e+02	2.525168e+02	-9.085409e+00	2.213043e+00	2.215076e+01	1.322470e+00
130	10	5.426584e+02	1.808322e+02	6.222106e+02	2.378811e+02	-9.750860e-01	1.856101e+00	2.234585e+01	-1.832625e+00
130	11	5.161846e+02	1.829899e+02	5.853456e+02	2.273695e+02	-2.346646e+00	1.916692e+00	2.721710e+01	-1.886973e+00
130	12	3.047910e+02	1.902067e+02	3.559178e+02	2.337597e+02	-1.041343e+01	2.122375e+00	2.695282e+01	1.248783e+00
130	15	5.002692e+02	1.859695e+02	5.457634e+02	2.192314e+02	-3.970471e+00	1.970264e+00	3.226331e+01	-1.838939e+00
131	1	4.249182e+02	1.729711e+02	4.622646e+02	2.130895e+02	-8.967535e+00	2.041286e+00	3.858974e+01	-1.816579e+00
131	2	5.322861e+02	1.756140e+02	5.929567e+02	2.757328e+02	-9.653780e-01	1.802686e+00	1.354590e+01	-1.809556e+00
131	6	7.176759e+02	1.822986e+02	8.730329e+02	3.073483e+02	2.957010e+00	1.673391e+00	1.104060e+01	-1.165486e+00
131	7	5.990287e+02	1.866938e+02	7.349093e+02	2.705308e+02	9.850100e-01	1.771025e+00	1.503965e+01	-1.832944e+00
131	8	1.886879e+02	1.930645e+02	3.171664e+02	2.742829e+02	-7.880686e+00	1.996574e+00	1.621393e+01	1.351100e+00
131	9	2.574216e+02	1.865882e+02	3.426935e+02	2.548275e+02	-9.157546e+00	2.206648e+00	2.153530e+01	1.313593e+00
131	10	5.414702e+02	1.813264e+02	6.228927e+02	2.401179e+02	-9.622470e-01	1.863274e+00	2.174383e+01	-1.829748e+00
131	11	5.095762e+02	1.838843e+02	5.805051e+02	2.293675e+02	-2.516316e+00	1.944715e+00	2.668622e+01	-1.898650e+00
131	12	2.949191e+02	1.904445e+02	3.509570e+02	2.351386e+02	-1.044405e+01	2.117685e+00	2.634931e+01	1.272724e+00
131	15	4.940319e+02	1.875022e+02	5.401479e+02	2.216326e+02	-4.158410e+00	2.030459e+00	3.165761e+01	-1.843090e+00
132	1	4.230290e+02	1.729283e+02	4.601557e+02	2.127805e+02	-9.118553e+00	2.039116e+00	3.883125e+01	-1.813814e+00
132	2	5.238647e+02	1.764834e+02	5.839904e+02	2.765255e+02	-1.129240e+00	1.818196e+00	1.355822e+01	-1.815417e+00
132	6	7.221560e+02	1.820869e+02	8.845402e+02	3.165208e+02	2.919225e+00	1.661718e+00	1.041671e+01	-1.165277e+00
132	7	5.939415e+02	1.873129e+02	7.357156e+02	2.753655e+02	8.888830e-01	1.773820e+00	1.444957e+01	-1.838304e+00
132	8	1.718694e+02	1.962192e+02	3.093695e+02	2.818433e+02	-7.854878e+00	2.058684e+00	1.564797e+01	1.356748e+00
132	9	2.437454e+02	1.867594e+02	3.327739e+02	2.572909e+02	-9.229682e+00	2.200252e+00	2.091984e+01	1.304716e+00
132	10	5.402196e+02	1.818512e+02	6.236165e+02	2.424947e+02	-9.494080e-01	1.870447e+00	2.114180e+01	-1.826871e+00
132	11	5.118914e+02	1.833327e+02	5.835180e+02	2.300144e+02	-2.361827e+00	1.913223e+00	2.601220e+01	-1.883140e+00
132	12	2.845682e+02	1.906932e+02	3.457649e+02	2.365844e+02	-1.047467e+01	2.112995e+00	2.574579e+01	1.296665e+00
132	15	4.928996e+02	1.879532e+02	5.400736e+02	2.227717e+02	-4.115970e+00	2.040032e+00	3.111616e+01	-1.847240e+00
133	1	4.189590e+02	1.729276e+02	4.560706e+02	2.127135e+02	-9.340582e+00	2.039088e+00	3.889210e+01	-1.813886e+00
133	2	5.154545e+02	1.773507e+02	5.750453e+02	2.773166e+02	-1.293103e+00	1.833706e+00	1.357053e+01	-1.821277e+00
133	6	7.336554e+02	1.816940e+02	9.016377e+02	3.265454e+02	2.958094e+00	1.647834e+00	9.814724e+00	-1.165068e+00
133	7	5.964656e+02	1.860537e+02	7.449136e+02	2.784728e+02	9.431840e-01	1.733345e+00	1.380918e+01	-1.830244e+00
133	8	1.535905e+02	1.995817e+02	3.010567e+02	2.900619e+02	-7.829071e+00	2.120795e+00	1.508201e+01	1.362396e+00
133	9	2.327232e+02	1.887527e+02	3.274021e+02	2.620824e+02	-9.192276e+00	2.251796e+00	2.033658e+01	1.312776e+00
133	10	5.389016e+02	1.824027e+02	6.243859e+02	2.450250e+02	-9.365680e-01	1.877620e+00	2.053978e+01	-1.823994e+00
133	11	5.143264e+02	1.827539e+02	5.866977e+02	2.306977e+02	-2.207339e+00	1.881731e+00	2.533819e+01	-1.867631e+00
133	12	2.787453e+02	1.909046e+02	3.405017e+02	2.380215e+02	-1.042071e+01	2.105750e+00	2.514229e+01	1.280482e+00
133	15	4.917290e+02	1.884192e+02	5.399961e+02	2.239538e+02	-4.073530e+00	2.049605e+00	3.057471e+01	-1.851391e+00
134	1	4.224961e+02	1.720431e+02	4.593428e+02	2.115738e+02	-9.220050e+00	1.993499e+00	3.911755e+01	-1.813958e+00
134	2	5.070554e+02	1.782158e+02	5.661214e+02	2.781060e+02	-1.456965e+00	1.849215e+00	1.358285e+01	-1.827138e+00
134	6	7.469499e+02	1.812571e+02	9.210674e+02	3.382879e+02	2.996962e+00	1.633949e+00	9.212741e+00	-1.164858e+00
134	7	5.992071e+02	1.846888e+02	7.551492e+02	2.819373e+02	9.974860e-01	1.692869e+00	1.316879e+01	-1.822184e+00
134	8	1.395321e+02	1.979449e+02	2.963603e+02	2.918323e+02	-7.715352e+00	2.062768e+00	1.453614e+01	1.368044e+00
134	9	2.266415e+02	1.876361e+02	3.260853e+02	2.629829e+02	-9.035030e+00	2.205625e+00	1.978622e+01	1.320836e+00
134	10	5.410690e+02	1.802042e+02	6.294460e+02	2.449260e+02	-8.159820e-01	1.813034e+00	1.991835e+01	-1.821117e+00
134	11	5.168898e+02	1.820727e+02	5.900593e+02	2.314204e+02	-2.052851e+00	1.850238e+00	2.466417e+01	-1.852121e+00
134	12	2.726180e+02	1.911257e+02	3.349940e+02	2.395349e+02	-1.036675e+01	2.098504e+00	2.453878e+01	1.264298e+00
134	15	4.905183e+02	1.889011e+02	5.399153e+02	2.251814e+02	-4.031091e+00	2.059178e+00	3.003327e+01	-1.855542e+00
135	1	4.259900e+02	1.711693e+02	4.625756e+02	2.104481e+02	-9.099519e+00	1.947909e+00	3.934300e+01	-1.814029e+00
135	2	5.057368e+02	1.762360e+02	5.636065e+02	2.762465e+02	-1.490540e+00	1.813816e+00	1.356160e+01	-1.814950e+00
135	6	7.668737e+02	1.802822e+02	9.609004e+02	3.532469e+02	3.087093e+00	1.612753e+00	8.546018e+00	-1.152671e+00
135	7	6.060261e+02	1.830571e+02	7.713666e+02	2.854271e+02	1.127434e+00	1.649685e+00	1.254784e+01	-1.814124e+00
135	8	1.241899e+02	1.961971e+02	2.913427e+02	2.937644e+02	-7.601633e+00	2.004741e+00	1.399027e+01	1.373692e+00
135	9	2.212003e+02	1.858105e+02	3.255981e+02	2.631956e+02	-8.843669e+00	2.139648e+00	1.921741e+01	1.328896e+00
135	10	5.433653e+02	1.778442e+02	6.348613e+02	2.448199e+02	-6.953960e-01	1.748448e+00	1.929692e+01	-1.818240e+00
135	11	5.195916e+02	1.813446e+02	5.936199e+02	2.321860e+02	-1.898363e+00	1.818746e+00	2.399015e+01	-1.836612e+00
135	12	2.738101e+02	1.912774e+02	3.373791e+02	2.407940e+02	-1.009788e+01	2.091627e+00	2.404897e+01	1.266217e+00
135	15	4.966112e+02	1.858557e+02	5.467605e+02	2.225660e+02	-3.685314e+00	1.913117e+00	2.939530e+01	-1.843363e+00
136	1	4.294416e+02	1.703059e+02	4.657696e+02	2.093360e+02	-8.978987e+00	1.902320e+00	3.956845e+01	-1.814101e+00
136	2	5.044195e+02	1.742474e+02	5.610755e+02	2.743802e+02	-1.524115e+00	1.778417e+00	1.354036e+01	-1.802762e+00
136	6	7.908405e+02	1.791649e+02	1.010034e+03	3.716960e+02	3.177224e+00	1.591556e+00	7.879294e+00	-1.140483e+00
136	7	6.134586e+02	1.809283e+02	7.895827e+02	2.893545e+02	1.257383e+00	1.606500e+00	1.192690e+01	-1.806064e+00
136	8	1.073792e+02	1.943264e+02	2.859700e+02	2.958815e+02	-7.487914e+00	1.946714e+00	1.344440e+01	1.379340e+00
136	9	2.153872e+02	1.838855e+02	3.250817e+02	2.634222e+02	-8.652308e+00	2.073671e+00	1.864861e+01	1.336956e+00
136	10	5.502645e+02	1.751720e+02	6.445123e+02	2.445277e+02	-4.675880e-01	1.680464e+00	1.868126e+01	-1.804740e+00
136	11	5.241222e+02	1.791146e+02	6.001751e+02	2.311534e+02	-1.682119e+00	1.745041e+00	2.346558e+01	-1.832754e+00
136	12	2.750566e+02	1.914349e+02	3.398554e+02	2.421105e+02	-9.829007e+00	2.084749e+00	2.355915e+01	1.268136e+00
136	15	5.029585e+02	1.826830e+02	5.539292e+02	2.198267e+02	-3.339537e+00	1.767055e+00	2.875734e+01	-1.831185e+00
137	1	4.370108e+02	1.693467e+02	4.730273e+02	2.081017e+02	-8.622882e+00	1.851026e+00	3.982373e+01	-1.802405e+00
137	2	5.067318e+02	1.720879e+02	5.625351e+02	2.722112e+02	-1.488018e+00	1.740135e+00	1.353559e+01	-1.790575e+00
137	6	8.202091e+02	1.778713e+02	1.071793e+03	374	3.267355e+00	1.570359e+00	7.212571e+00	-1.128295e+00
137	7	6.215910e+02	1.782123e+02	8.101922e+02	2.938075e+02	1.387332e+00	1.563315e+00	1.130595e+01	-1.798004e+00
137	8	9.377915e+01	1.949133e+02	2.849666e+02	3.015858e+02	-7.301819e+00	1.943605e+00	1.292145e+01	1.393598e+00
137	9	2.091624e+02	1.817767e+02	3.245334e+02	2.636644e+02	-8.460948e+00	2.007694e+00	1.807981e+01	1.345016e+00
137	10	5.575920e+02	1.722956e+02	6.548918e+02	2.442119e+02	-2.397800e-01	1.612480e+00	1.806561e+01	-1.791239e+00
137	11	5.288445e+02	1.767737e+02	6.070560e+02	2.300689e+02	-1.465875e+00	1.671335e+00	2.294102e+01	-1.828896e+00
137	12	2.763613e+02	1.915985e+02	3.424283e+02	2.434882e+02	-9.560135e+00	2.077871e+00	2.306934e+01	1.270055e+00
137	15	5.095763e+02	1.790003e+02	5.614449e+02	2.169545e+02	-2.993760e+00	1.620993e+00	2.811937e+01	-1.819007e+00
138	1	4.444784e+02	1.683996e+02	4.801914e+02	2.068841e+02	-8.266776e+00	1.799733e+00	4.007900e+01	-1.790709e+00
138	2	5.090470e+02	1.699244e+02	5.639928e+02	2.700404e+02	-1.451921e+00	1.701853e+00	1.353082e+01	-1.778387e+00
138	6	8.570243e+02	1.760982e+02	1.152249e+03	374	3.357486e+00	1.549162e+00	6.545848e+00	-1.116107e+00
138	7	6.329721e+02	1.787956e+02	8.362874e+02	3.032622e+02	1.546583e+00	1.565398e+00	1.064648e+01	-1.783144e+00
138	8	7.884340e+01	1.955434e+02	2.838756e+02	3.078579e+02	-7.115723e+00	1.940496e+00	1.239850e+01	1.407857e+00
138	9	2.071411e+02	1.811792e+02	3.280613e+02	2.656090e+02	-8.204629e+00	1.988389e+00	1.759640e+01	1.359873e+00
138	10	5.669093e+02	1.718315e+02	6.678578e+02	2.465337e+02	2.767800e-02	1.602678e+00	1.745808e+01	-1.777738e+00
138	11	5.337708e+02	1.743135e+02	6.142875e+02	2.289284e+02	-1.249631e+00	1.597630e+00	2.241645e+01	-1.825038e+00
138	12	2.782927e+02	1.917035e+02	3.476004e+02	2.449279e+02	-9.230859e+00	2.068445e+00	2.255536e+01	1.289079e+00
138	13	7.089143e+02	1.600338e+02	7.395809e+02	2.281399e+02	2.886802e+00	1.375119e+00	1.842932e+01	1.341727e+00
138	14	3.071696e+02	1.859000e+02	3.597463e+02	2.260871e+02	-1.076211e+01	1.950111e+00	2.816602e+01	1.314590e+00
138	15	5.182069e+02	1.782831e+02	5.712293e+02	2.171453e+02	-2.580594e+00	1.589683e+00	2.749696e+01	-1.806829e+00
139	1	4.518462e+02	1.674645e+02	4.872634e+02	2.056831e+02	-7.910670e+00	1.748439e+00	4.033427e+01	-1.779013e+00
139	2	5.113649e+02	1.677571e+02	5.654487e+02	2.678679e+02	-1.415824e+00	1.663571e+00	1.352605e+01	-1.766199e+00
139	6	9.045113e+02	1.728005e+02	1241	374	3.447617e+00	1.527966e+00	5.879125e+00	-1.103920e+00
139	7	6.456104e+02	1.794752e+02	8.666503e+02	3.142742e+02	1.705835e+00	1.567482e+00	9.987002e+00	-1.768284e+00
139	8	6.236290e+01	1.962218e+02	2.826867e+02	3.147870e+02	-6.929628e+00	1.937387e+00	1.187555e+01	1.422115e+00
139	9	2.050076e+02	1.805424e+02	3.317566e+02	2.676759e+02	-7.948310e+00	1.969083e+00	1.711299e+01	1.374730e+00
139	10	5.768317e+02	1.713298e+02	6.818718e+02	2.490407e+02	2.951360e-01	1.592876e+00	1.685055e+01	-1.764238e+00
139	11	5.425942e+02	1.750336e+02	6.252281e+02	2.313778e+02	-9.240090e-01	1.616367e+00	2.179648e+01	-1.810223e+00
139	12	2.803378e+02	1.918134e+02	3.529846e+02	2.464385e+02	-8.901584e+00	2.059020e+00	2.204138e+01	1.308103e+00
139	13	7.267451e+02	1.600014e+02	7.560284e+02	2.312014e+02	3.175586e+00	1.388366e+00	1.765003e+01	1.359299e+00
139	14	3.116106e+02	1.864641e+02	3.663043e+02	2.275386e+02	-1.035578e+01	1.964566e+00	2.766238e+01	1.334479e+00
139	15	5.272106e+02	1.775299e+02	5.815005e+02	2.173452e+02	-2.167428e+00	1.558373e+00	2.687455e+01	-1.794650e+00
140	1	4.625963e+02	1.684800e+02	4.976622e+02	2.064203e+02	-7.377377e+00	1.800699e+00	4.062563e+01	-1.767317e+00
140	2	5.155171e+02	1.684943e+02	5.695619e+02	2.686642e+02	-1.337755e+00	1.676647e+00	1.351916e+01	-1.760048e+00
140	6	9.655631e+02	1.734442e+02	1241	374	3.518190e+00	1.523520e+00	5.188552e+00	-1.089260e+00
140	7	6.597243e+02	1.802768e+02	9.024260e+02	3.272629e+02	1.865086e+00	1.569565e+00	9.327528e+00	-1.753423e+00
140	8	4.408242e+01	1.969541e+02	2.813878e+02	3.224821e+02	-6.743532e+00	1.934277e+00	1.135260e+01	1.436373e+00
140	9	2.015811e+02	1.811796e+02	3.351959e+02	2.716287e+02	-7.679040e+00	1.975848e+00	1.656544e+01	1.389587e+00
140	10	5.874194e+02	1.707857e+02	6.970668e+02	2.517560e+02	5.625940e-01	1.583073e+00	1.624303e+01	-1.750737e+00
140	11	5.518883e+02	1.758012e+02	6.368762e+02	2.339835e+02	-5.983870e-01	1.635104e+00	2.117652e+01	-1.795408e+00
140	12	2.825056e+02	1.919284e+02	3.585949e+02	2.480255e+02	-8.572309e+00	2.049595e+00	2.152741e+01	1.327128e+00
140	13	7.453216e+02	1.599661e+02	7.716550e+02	2.345520e+02	3.464370e+00	1.401612e+00	1.687074e+01	1.376871e+00
140	14	3.162397e+02	1.870481e+02	3.730823e+02	2.290460e+02	-9.949450e+00	1.979020e+00	2.715874e+01	1.354367e+00
140	15	5.362728e+02	1.807149e+02	5.914943e+02	2.214569e+02	-1.779458e+00	1.664112e+00	2.632828e+01	-1.779828e+00
141	1	4.731834e+02	1.694812e+02	5.079110e+02	2.071461e+02	-6.844083e+00	1.852960e+00	4.091698e+01	-1.755621e+00
141	2	5.196722e+02	1.692327e+02	5.736806e+02	2.694609e+02	-1.259687e+00	1.689723e+00	1.351228e+01	-1.753898e+00
141	6	1.024856e+03	1.739961e+02	1241	374	3.588762e+00	1.519074e+00	4.497980e+00	-1.074601e+00
141	7	6.755858e+02	1.812364e+02	9.452096e+02	3.428126e+02	2.024338e+00	1.571649e+00	8.668054e+00	-1.738563e+00
141	8	2.368708e+01	1.977471e+02	2.799650e+02	3.310777e+02	-6.557437e+00	1.931168e+00	1.082965e+01	1.450632e+00
141	9	1.979055e+02	1.818231e+02	3.388323e+02	2.758890e+02	-7.409769e+00	1.982614e+00	1.601789e+01	1.404444e+00
141	10	5.970205e+02	1.709920e+02	7.119154e+02	2.559560e+02	7.886310e-01	1.588985e+00	1.556511e+01	-1.736348e+00
141	11	5.616915e+02	1.766210e+02	6.493032e+02	2.367611e+02	-2.727640e-01	1.653841e+00	2.055655e+01	-1.780594e+00
141	12	2.848063e+02	1.920491e+02	3.644469e+02	2.496946e+02	-8.243033e+00	2.040170e+00	2.101343e+01	1.346152e+00
141	13	7.646999e+02	1.599276e+02	7.944819e+02	2.382347e+02	3.753153e+00	1.414858e+00	1.609145e+01	1.394443e+00
141	14	3.210682e+02	1.876531e+02	3.800922e+02	2.306125e+02	-9.543121e+00	1.993475e+00	2.665510e+01	1.374256e+00
141	15	5.456916e+02	1.837813e+02	6.019454e+02	2.257536e+02	-1.391488e+00	1.769852e+00	2.578201e+01	-1.765006e+00
142	1	4.826842e+02	1.694931e+02	5.171108e+02	2.068933e+02	-6.351123e+00	1.852295e+00	4.119119e+01	-1.740983e+00
142	2	5.238301e+02	1.699724e+02	5.778050e+02	2.702581e+02	-1.181619e+00	1.702800e+00	1.350539e+01	-1.747747e+00
142	6	1.085211e+03	1.744783e+02	1241	374	3.659335e+00	1.514628e+00	3.807408e+00	-1.059942e+00
142	7	6.935387e+02	1.820830e+02	9.972909e+02	3.617635e+02	2.183589e+00	1.573732e+00	8.008580e+00	-1.723703e+00
142	8	0	1.976978e+02	2.750822e+02	3.399945e+02	-6.405541e+00	1.910822e+00	1.026151e+01	1.463834e+00
142	9	1.939512e+02	1.823608e+02	3.426841e+02	2.804941e+02	-7.140499e+00	1.989379e+00	1.547034e+01	1.419301e+00
142	10	6.073997e+02	1.712203e+02	7.283037e+02	2.605865e+02	1.014668e+00	1.594896e+00	1.488719e+01	-1.721958e+00
142	11	5.720465e+02	1.774985e+02	6.625906e+02	2.397280e+02	5.285800e-02	1.672578e+00	1.993659e+01	-1.765779e+00
142	12	2.872511e+02	1.921758e+02	3.705575e+02	2.514525e+02	-7.913758e+00	2.030745e+00	2.049945e+01	1.365176e+00
142	13	7.851203e+02	1.598851e+02	8.167870e+02	2.423014e+02	4.041937e+00	1.428105e+00	1.531217e+01	1.412016e+00
142	14	3.261083e+02	1.882804e+02	3.873468e+02	2.322416e+02	-9.136792e+00	2.007929e+00	2.615147e+01	1.394144e+00
142	15	5.541079e+02	1.810217e+02	6.118276e+02	2.238189e+02	-1.043093e+00	1.660802e+00	2.514560e+01	-1.753093e+00
143	1	4.920519e+02	1.695050e+02	5.261874e+02	2.066439e+02	-5.858162e+00	1.851630e+00	4.146540e+01	-1.726346e+00
143	2	5.279909e+02	1.707133e+02	5.819349e+02	2.710557e+02	-1.103550e+00	1.715876e+00	1.349851e+01	-1.741596e+00
143	6	1.161393e+03	1.750420e+02	1241	374	3.729908e+00	1.510182e+00	3.116836e+00	-1.045282e+00
143	7	7.100042e+02	1.827086e+02	1.058227e+03	374	2.288183e+00	1.573222e+00	7.310347e+00	-1.710037e+00
143	8	0	1.976442e+02	2.697045e+02	3.494021e+02	-6.253645e+00	1.890475e+00	9.693371e+00	1.477036e+00
143	9	1.867358e+02	1.816554e+02	3.442940e+02	2.836646e+02	-6.931953e+00	1.965794e+00	1.493406e+01	1.432977e+00
143	10	6.186548e+02	1.714741e+02	7.464860e+02	2.657173e+02	1.240704e+00	1.600807e+00	1.420928e+01	-1.707569e+00
143	11	5.830008e+02	1.784399e+02	6.768315e+02	2.429042e+02	3.784800e-01	1.691314e+00	1.931662e+01	-1.750964e+00
143	12	2.898524e+02	1.923090e+02	3.769450e+02	2.533066e+02	-7.584483e+00	2.021319e+00	1.998548e+01	1.384200e+00
143	13	8.104222e+02	1.598382e+02	8.460291e+02	2.468155e+02	4.330720e+00	1.441351e+00	1.453288e+01	1.429588e+00
143	14	3.313732e+02	1.889312e+02	3.948600e+02	2.339369e+02	-8.730464e+00	2.022384e+00	2.564783e+01	1.414033e+00
143	15	5.629629e+02	1.816313e+02	6.223056e+02	2.256306e+02	-6.934190e-01	1.672750e+00	2.450793e+01	-1.741180e+00
144	1	5.012892e+02	1.695169e+02	5.351429e+02	2.063976e+02	-5.365202e+00	1.850965e+00	4.173960e+01	-1.711708e+00
144	2	5.321546e+02	1.714555e+02	5.860704e+02	2.718537e+02	-1.025482e+00	1.728952e+00	1.349162e+01	-1.735446e+00
144	7	7.291451e+02	1.834362e+02	1.136834e+03	374	2.392777e+00	1.572713e+00	6.612114e+00	-1.696371e+00
144	8	0	1.975858e+02	2.637550e+02	3.603992e+02	-6.101750e+00	1.870129e+00	9.125231e+00	1.490238e+00
144	9	1.789142e+02	1.807515e+02	3.459980e+02	2.871073e+02	-6.723406e+00	1.942209e+00	1.439777e+01	1.446652e+00
144	10	6.309006e+02	1.717579e+02	7.667753e+02	2.714341e+02	1.466741e+00	1.606718e+00	1.353136e+01	-1.693179e+00
144	11	5.918308e+02	1.773270e+02	6.892281e+02	2.443331e+02	6.287690e-01	1.659900e+00	1.865145e+01	-1.737493e+00
144	12	2.900001e+02	1.912163e+02	3.810215e+02	2.539287e+02	-7.306895e+00	1.973841e+00	1.942209e+01	1.397672e+00
144	13	8.328131e+02	1.584626e+02	8.701465e+02	2.507884e+02	4.524899e+00	1.430765e+00	1.371560e+01	1.443059e+00
144	14	3.355727e+02	1.880105e+02	4.004197e+02	2.339552e+02	-8.366892e+00	1.975433e+00	2.508519e+01	1.420748e+00
144	15	5.722562e+02	1.821876e+02	6.333903e+02	2.275457e+02	-3.437460e-01	1.684698e+00	2.387025e+01	-1.729267e+00
145	1	5.099890e+02	1.678807e+02	5.436174e+02	2.045484e+02	-4.894958e+00	1.759441e+00	4.195704e+01	-1.700661e+00
145	2	5.378634e+02	1.700418e+02	5.914656e+02	2.704908e+02	-9.209790e-01	1.704102e+00	1.348117e+01	-1.724098e+00
145	7	7.516674e+02	1.842927e+02	1241	374	2.497372e+00	1.572203e+00	5.913880e+00	-1.682705e+00
145	8	0	1.975217e+02	2.571395e+02	3.734216e+02	-5.949854e+00	1.849782e+00	8.557092e+00	1.503440e+00
145	9	1.696250e+02	1.789024e+02	3.475252e+02	2.903040e+02	-6.511777e+00	1.905497e+00	1.383578e+01	1.460328e+00
145	10	6.442730e+02	1.720773e+02	7.895623e+02	2.778433e+02	1.692777e+00	1.612629e+00	1.285344e+01	-1.678790e+00
145	11	6.012476e+02	1.761208e+02	7.026560e+02	2.458785e+02	8.790590e-01	1.628486e+00	1.798628e+01	-1.724021e+00
145	12	2.901680e+02	1.900643e+02	3.853138e+02	2.545902e+02	-7.029307e+00	1.926363e+00	1.885870e+01	1.411143e+00
145	13	8.588856e+02	1.569063e+02	9.019479e+02	2.552809e+02	4.719077e+00	1.420179e+00	1.289831e+01	1.456531e+00
145	14	3.399818e+02	1.870505e+02	4.062158e+02	2.339742e+02	-8.003320e+00	1.928483e+00	2.452256e+01	1.427462e+00
145	15	5.820210e+02	1.827623e+02	6.451363e+02	2.295733e+02	5.928000e-03	1.696646e+00	2.323258e+01	-1.717354e+00
146	1	5.185931e+02	1.662614e+02	5.520034e+02	2.027198e+02	-4.424714e+00	1.667916e+00	4.217448e+01	-1.689613e+00
146	2	5.435785e+02	1.686245e+02	5.968711e+02	2.691255e+02	-8.164770e-01	1.679252e+00	1.347071e+01	-1.712751e+00
146	7	7.785498e+02	1.853159e+02	1241	374	2.601966e+00	1.571693e+00	5.215647e+00	-1.669039e+00
146	8	0	1.974509e+02	2.497422e+02	374	-5.797958e+00	1.829436e+00	7.988953e+00	1.516642e+00
146	9	1.594304e+02	1.768636e+02	3.491524e+02	2.938168e+02	-6.300147e+00	1.868785e+00	1.327379e+01	1.474003e+00
146	10	6.557506e+02	1.700406e+02	8.117629e+02	2.827810e+02	1.860389e+00	1.583684e+00	1.216368e+01	-1.666620e+00
146	11	6.113111e+02	1.748090e+02	7.172505e+02	2.475553e+02	1.129349e+00	1.597071e+00	1.732111e+01	-1.710550e+00
146	12	2.903584e+02	1.888478e+02	3.898400e+02	2.552953e+02	-6.751719e+00	1.878885e+00	1.829532e+01	1.424615e+00
146	13	8.861763e+02	1.551312e+02	9.318430e+02	2.604019e+02	4.913256e+00	1.409593e+00	1.208103e+01	1.470002e+00
146	14	3.427783e+02	1.854880e+02	4.120531e+02	2.333774e+02	-7.665528e+00	1.861270e+00	2.394004e+01	1.447347e+00
146	15	5.922939e+02	1.833673e+02	6.576046e+02	2.317236e+02	3.556020e-01	1.708595e+00	2.259491e+01	-1.705441e+00
147	1	5.270122e+02	1.657613e+02	5.602128e+02	2.020214e+02	-3.959365e+00	1.638009e+00	4.239061e+01	-1.678566e+00
147	2	5.493002e+02	1.672037e+02	6.022869e+02	2.677576e+02	-7.119740e-01	1.654402e+00	1.346025e+01	-1.701404e+00
147	7	8.111893e+02	1.865598e+02	1241	374	2.706560e+00	1.571184e+00	4.517414e+00	-1.655374e+00
147	8	0	1.983757e+02	2.350375e+02	374	-5.712203e+00	1.821298e+00	7.393239e+00	1.527853e+00
147	9	1.481889e+02	1.746043e+02	3.508908e+02	2.976954e+02	-6.088518e+00	1.832073e+00	1.271180e+01	1.487679e+00
147	10	6.684155e+02	1.677120e+02	8.371373e+02	2.884145e+02	2.028000e+00	1.554739e+00	1.147392e+01	-1.654449e+00
147	11	6.220898e+02	1.733773e+02	7.331711e+02	2.493811e+02	1.379638e+00	1.565657e+00	1.665594e+01	-1.697078e+00
147	12	2.869088e+02	1.876812e+02	3.920360e+02	2.564820e+02	-6.525227e+00	1.833359e+00	1.766712e+01	1.438086e+00
147	13	9.162540e+02	1.530877e+02	9.693994e+02	2.662935e+02	5.107434e+00	1.399008e+00	1.126375e+01	1.483474e+00
147	14	3.457404e+02	1.838524e+02	4.181523e+02	2.327468e+02	-7.327736e+00	1.794057e+00	2.335752e+01	1.467231e+00
147	15	6.012851e+02	1.793307e+02	6.688583e+02	2.289182e+02	6.457880e-01	1.575658e+00	2.192087e+01	-1.693527e+00
148	1	5.353400e+02	1.652663e+02	5.683375e+02	2.013305e+02	-3.494016e+00	1.608101e+00	4.260675e+01	-1.667519e+00
148	2	5.550284e+02	1.657793e+02	6.077131e+02	2.663874e+02	-6.074720e-01	1.629553e+00	1.344979e+01	-1.690056e+00
148	7	8.433456e+02	1.878922e+02	1241	374	2.742628e+00	1.568411e+00	3.795580e+00	-1.644973e+00
148	8	0	1.994272e+02	2.183041e+02	374	-5.626449e+00	1.813160e+00	6.797524e+00	1.539065e+00
148	9	1.294385e+02	1.751361e+02	3.485660e+02	3.057944e+02	-5.935220e+00	1.837834e+00	1.209839e+01	1.498070e+00
148	10	6.826894e+02	1.650144e+02	8.667296e+02	2.948881e+02	2.199600e+00	1.525667e+00	1.078445e+01	-1.642279e+00
148	11	6.336624e+02	1.718084e+02	7.506082e+02	2.513769e+02	1.629928e+00	1.534242e+00	1.599077e+01	-1.683607e+00
148	12	2.831875e+02	1.864369e+02	3.943708e+02	2.577647e+02	-6.298735e+00	1.787832e+00	1.703892e+01	1.451558e+00
148	13	9.481704e+02	1.507099e+02	1.004170e+03	2.731436e+02	5.301613e+00	1.388422e+00	1.044646e+01	1.496945e+00
148	14	3.488818e+02	1.821384e+02	4.245325e+02	2.320797e+02	-6.989944e+00	1.726844e+00	2.277500e+01	1.487116e+00
148	15	6.108004e+02	1.746701e+02	6.808935e+02	2.259193e+02	9.359750e-01	1.442721e+00	2.124683e+01	-1.681614e+00
149	1	5.435780e+02	1.647764e+02	5.763787e+02	2.006471e+02	-3.028667e+00	1.578194e+00	4.282288e+01	-1.656472e+00
149	2	5.607633e+02	1.643514e+02	6.131495e+02	2.650147e+02	-5.029690e-01	1.604703e+00	1.343933e+01	-1.678709e+00
149	7	8.846771e+02	1.896053e+02	1241	374	2.778696e+00	1.565639e+00	3.073746e+00	-1.634573e+00
149	8	0	2.006335e+02	1.990936e+02	374	-5.540694e+00	1.805022e+00	6.201810e+00	1.550276e+00
149	9	1.082620e+02	1.757387e+02	3.460219e+02	3.149479e+02	-5.781922e+00	1.843596e+00	1.148497e+01	1.508461e+00
149	10	6.953689e+02	1.660257e+02	8.972220e+02	3.070258e+02	2.315374e+00	1.545154e+00	1.007246e+01	-1.630109e+00
149	11	6.422466e+02	1.726748e+02	7.660288e+02	2.564908e+02	1.793479e+00	1.551362e+00	1.528102e+01	-1.674341e+00
149	12	2.779011e+02	1.877184e+02	3.951579e+02	2.623794e+02	-6.114319e+00	1.809270e+00	1.643184e+01	1.460830e+00
149	13	9.909333e+02	1.504533e+02	1.052003e+03	2.840161e+02	5.389237e+00	1.410844e+00	9.613096e+00	1.506211e+00
149	14	3.480842e+02	1.833339e+02	4.256136e+02	2.349732e+02	-6.798607e+00	1.759077e+00	2.217776e+01	1.485929e+00
149	15	6.180951e+02	1.763359e+02	6.905549e+02	2.294608e+02	1.139928e+00	1.484550e+00	2.056119e+01	-1.669701e+00
150	1	5.517274e+02	1.642916e+02	5.843375e+02	1.999710e+02	-2.563318e+00	1.548286e+00	4.303902e+01	-1.645425e+00
150	2	5.651008e+02	1.662688e+02	6.162351e+02	2.671365e+02	-4.326720e-01	1.638496e+00	1.341202e+01	-1.658943e+00
150	7	9.397568e+02	1.918895e+02	1241	374	2.814765e+00	1.562867e+00	2.351912e+00	-1.624173e+00
150	8	0	2.020313e+02	1.768151e+02	374	-5.454939e+00	1.796885e+00	5.606096e+00	1.561488e+00
150	9	8.415380e+01	1.764271e+02	3.432270e+02	3.253762e+02	-5.628624e+00	1.849357e+00	1.087155e+01	1.518853e+00
150	10	7.096568e+02	1.672291e+02	9.334796e+02	3.214209e+02	2.431149e+00	1.564641e+00	9.360472e+00	-1.617939e+00
150	11	6.515658e+02	1.736393e+02	7.831874e+02	2.621768e+02	1.957031e+00	1.568481e+00	1.457128e+01	-1.665076e+00
150	12	2.721630e+02	1.890881e+02	3.959951e+02	2.673937e+02	-5.929903e+00	1.830707e+00	1.582476e+01	1.470101e+00
150	13	1.037470e+03	1.501070e+02	1.096804e+03	2.973011e+02	5.477744e+00	1.433320e+00	8.763753e+00	1.515476e+00
150	14	3.472383e+02	1.845900e+02	4.267496e+02	2.380425e+02	-6.607269e+00	1.791310e+00	2.158051e+01	1.484741e+00
150	15	6.258506e+02	1.781291e+02	7.009495e+02	2.332676e+02	1.343880e+00	1.526379e+00	1.987554e+01	-1.657788e+00
151	1	5.570032e+02	1.656772e+02	5.895264e+02	2.012743e+02	-2.247927e+00	1.625858e+00	4.313969e+01	-1.634378e+00
151	2	5.694576e+02	1.681979e+02	6.193277e+02	2.692627e+02	-3.623740e-01	1.672289e+00	1.338472e+01	-1.639178e+00
151	7	1.016802e+03	1.960563e+02	1241	374	2.850833e+00	1.560095e+00	1.630079e+00	-1.613773e+00
151	8	0	2.036703e+02	1.506736e+02	374	-5.369185e+00	1.788747e+00	5.010382e+00	1.572699e+00
151	9	5.089830e+01	1.773855e+02	3.366040e+02	3.375940e+02	-5.535229e+00	1.856959e+00	1.025501e+01	1.529244e+00
151	10	7.233183e+02	1.673355e+02	9.740346e+02	3.370832e+02	2.518459e+00	1.571081e+00	8.663837e+00	-1.609559e+00
151	11	6.617182e+02	1.747195e+02	8.023961e+02	2.685367e+02	2.120583e+00	1.585601e+00	1.386153e+01	-1.655811e+00
151	12	2.659120e+02	1.905555e+02	3.968877e+02	2.728617e+02	-5.745487e+00	1.852144e+00	1.521769e+01	1.479373e+00
151	13	1.055620e+03	1.497700e+02	1.189029e+03	3.129883e+02	5.564484e+00	1.455688e+00	7.946364e+00	1.524741e+00
151	14	3.463394e+02	1.859115e+02	4.279448e+02	2.413043e+02	-6.415932e+00	1.823542e+00	2.098327e+01	1.483554e+00
151	15	6.341119e+02	1.800649e+02	7.121642e+02	2.373704e+02	1.547833e+00	1.568208e+00	1.918990e+01	-1.645875e+00
152	1	5.622529e+02	1.670570e+02	5.946906e+02	2.025705e+02	-1.932536e+00	1.703430e+00	4.324037e+01	-1.623330e+00
152	2	5.737208e+02	1.701389e+02	6.224276e+02	2.713932e+02	-2.920770e-01	1.706082e+00	1.335741e+01	-1.619412e+00
152	7	1.132212e+03	2.031441e+02	1241	374	2.886901e+00	1.557323e+00	9.082450e-01	-1.603373e+00
152	8	0	2.076770e+02	1.111643e+02	374	-5.322616e+00	1.796841e+00	4.369837e+00	1.580673e+00
152	9	1.225478e+01	1.785034e+02	3.292709e+02	3.518006e+02	-5.441834e+00	1.864561e+00	9.638477e+00	1.539635e+00
152	10	7.389185e+02	1.674663e+02	1.023767e+03	3.562493e+02	2.605769e+00	1.577522e+00	7.967202e+00	-1.601178e+00
152	11	6.705700e+02	1.760260e+02	8.210812e+02	2.758122e+02	2.236975e+00	1.604095e+00	1.314902e+01	-1.646546e+00
152	12	2.563966e+02	1.924322e+02	3.958941e+02	2.793247e+02	-5.602225e+00	1.880166e+00	1.459856e+01	1.488644e+00
152	13	1.113859e+03	1.495176e+02	1241	3.330776e+02	5.652401e+00	1.478078e+00	7.105003e+00	1.534006e+00
152	14	3.453824e+02	1.873037e+02	4.292038e+02	2.447772e+02	-6.224595e+00	1.855775e+00	2.038603e+01	1.482367e+00
152	15	6.429298e+02	1.819409e+02	7.243007e+02	2.418052e+02	1.751786e+00	1.610038e+00	1.850426e+01	-1.633961e+00
153	1	5.674767e+02	1.684309e+02	5.998304e+02	2.038597e+02	-1.617146e+00	1.781002e+00	4.334104e+01	-1.612283e+00
153	2	5.766987e+02	1.720915e+02	6.255349e+02	2.735278e+02	-2.217800e-01	1.739875e+00	1.333010e+01	-1.599646e+00
153	9	0	1.778125e+02	3.198442e+02	3.676946e+02	-5.337001e+00	1.852546e+00	8.959424e+00	1.546809e+00
153	10	7.569005e+02	1.676307e+02	1.086146e+03	374	2.693079e+00	1.583962e+00	7.270567e+00	-1.592798e+00
153	11	6.802949e+02	1.775110e+02	8.423132e+02	2.840700e+02	2.353367e+00	1.622590e+00	1.243650e+01	-1.637280e+00
153	12	2.459208e+02	1.944562e+02	3.948178e+02	2.864450e+02	-5.458963e+00	1.908188e+00	1.397943e+01	1.497916e+00
153	13	1.185199e+03	1.511658e+02	1241	3.485527e+02	5.739732e+00	1.500532e+00	6.279632e+00	1.543272e+00
153	14	3.443616e+02	1.887724e+02	4.305320e+02	2.484824e+02	-6.033258e+00	1.888008e+00	1.978880e+01	1.481180e+00
153	15	6.523623e+02	1.837896e+02	7.374780e+02	2.466139e+02	1.955738e+00	1.651867e+00	1.781861e+01	-1.622048e+00
