0	1	2.867032e+02	1.871137e+02	5.279531e+02	2.925635e+02	-3.241406e+00	1.675621e+00	1.179621e+01	2.354755e+00
1	1	2.199246e+02	1.859428e+02	4.825608e+02	2.993575e+02	-3.881913e+00	1.642897e+00	1.109866e+01	2.301735e+00
2	1	1.384445e+02	1.875873e+02	4.307350e+02	3.124700e+02	-4.516514e+00	1.654477e+00	1.031127e+01	2.242720e+00
3	1	4.684479e+01	1.866184e+02	3.770603e+02	3.241825e+02	-5.086139e+00	1.624464e+00	9.522954e+00	2.213507e+00
4	1	0	1.890687e+02	3.144543e+02	3.418202e+02	-5.637172e+00	1.641720e+00	8.684239e+00	2.165779e+00
4	2	1.216378e+03	1.788449e+02	1241	2.224552e+02	2.530731e+01	1.832670e+00	2.668770e+01	-2.485576e+00
5	1	0	1.953439e+02	2.448896e+02	3.509385e+02	-6.119655e+00	1.702888e+00	7.815429e+00	2.109703e+00
5	2	1.179671e+03	1.780785e+02	1241	2.215894e+02	2.442475e+01	1.819946e+00	2.742855e+01	-2.478897e+00
6	1	0	1.929298e+02	1.622595e+02	3.465522e+02	-6.573138e+00	1.646288e+00	6.915062e+00	2.054480e+00
6	2	1.143113e+03	1.773156e+02	1241	2.207464e+02	2.354218e+01	1.807221e+00	2.816940e+01	-2.472219e+00
7	1	0	1.983541e+02	6.341227e+01	3.500600e+02	-6.980149e+00	1.677044e+00	5.996869e+00	1.987440e+00
7	2	1.108114e+03	1.765553e+02	1241	2.199249e+02	2.265960e+01	1.794496e+00	2.891025e+01	-2.465541e+00
8	2	1.076796e+03	1.768717e+02	1.212835e+03	2.194201e+02	2.187266e+01	1.813028e+00	2.964192e+01	-2.430066e+00
9	2	1.047180e+03	1.772229e+02	1.179543e+03	2.187593e+02	2.108572e+01	1.831560e+00	3.037360e+01	-2.394591e+00
10	2	1.017014e+03	1.765311e+02	1.144239e+03	2.169301e+02	2.021398e+01	1.807155e+00	3.114446e+01	-2.396880e+00
11	2	9.891603e+02	1.768330e+02	1.111889e+03	2.161478e+02	1.942608e+01	1.824503e+00	3.198421e+01	-2.375232e+00
12	2	9.627947e+02	1.771201e+02	1.081119e+03	2.154062e+02	1.863817e+01	1.841850e+00	3.282396e+01	-2.353583e+00
13	2	9.391156e+02	1.765085e+02	1.053185e+03	2.137790e+02	1.791287e+01	1.819080e+00	3.366255e+01	-2.335805e+00
14	2	9.166211e+02	1.759264e+02	1.026567e+03	2.122341e+02	1.718757e+01	1.796309e+00	3.450114e+01	-2.318027e+00
15	2	8.955017e+02	1.756222e+02	1.001287e+03	2.109878e+02	1.649252e+01	1.785661e+00	3.538701e+01	-2.289813e+00
16	2	8.754869e+02	1.753328e+02	9.771540e+02	2.098033e+02	1.579746e+01	1.775014e+00	3.627287e+01	-2.261600e+00
17	2	8.565649e+02	1.750510e+02	9.539881e+02	2.086066e+02	1.512870e+01	1.764258e+00	3.722445e+01	-2.233387e+00
18	2	8.386457e+02	1.747833e+02	9.319045e+02	2.074707e+02	1.445994e+01	1.753502e+00	3.817603e+01	-2.205173e+00
19	2	8.234667e+02	1.745285e+02	9.128268e+02	2.064129e+02	1.388537e+01	1.742675e+00	3.910240e+01	-2.176960e+00
20	2	8.090394e+02	1.742857e+02	8.945719e+02	2.054049e+02	1.331081e+01	1.731848e+00	4.002877e+01	-2.148747e+00
21	2	7.953104e+02	1.740540e+02	8.770869e+02	2.044435e+02	1.273624e+01	1.721021e+00	4.095513e+01	-2.120534e+00
22	2	7.821242e+02	1.740381e+02	8.604727e+02	2.036661e+02	1.218766e+01	1.721824e+00	4.196235e+01	-2.105264e+00
23	2	7.695606e+02	1.740231e+02	8.446327e+02	2.029267e+02	1.163908e+01	1.722627e+00	4.296956e+01	-2.089995e+00
24	2	7.575767e+02	1.740090e+02	8.295138e+02	2.022227e+02	1.109049e+01	1.723430e+00	4.397677e+01	-2.074725e+00
25	2	7.473370e+02	1.739937e+02	8.162725e+02	2.015156e+02	1.062954e+01	1.724205e+00	4.503654e+01	-2.059456e+00
26	2	7.375716e+02	1.739793e+02	8.036365e+02	2.008425e+02	1.016859e+01	1.724979e+00	4.609631e+01	-2.044187e+00
27	2	7.282485e+02	1.739656e+02	7.915652e+02	2.002008e+02	9.707637e+00	1.725753e+00	4.715607e+01	-2.028917e+00
28	2	7.206135e+02	1.739526e+02	7.804289e+02	1.995782e+02	9.309125e+00	1.726534e+00	4.825088e+01	-1.990822e+00
29	2	7.133644e+02	1.739410e+02	7.697293e+02	1.989832e+02	8.910612e+00	1.727315e+00	4.934568e+01	-1.952726e+00
30	2	7.069202e+02	1.739289e+02	7.598636e+02	1.983856e+02	8.551539e+00	1.728067e+00	5.049305e+01	-1.914630e+00
31	2	7.008015e+02	1.739180e+02	7.503890e+02	1.978146e+02	8.192465e+00	1.728819e+00	5.164042e+01	-1.876534e+00
32	2	6.956085e+02	1.738437e+02	7.426186e+02	1.971742e+02	7.913545e+00	1.725198e+00	5.284494e+01	-1.853840e+00
33	2	6.906562e+02	1.737730e+02	7.351847e+02	1.965634e+02	7.634626e+00	1.721577e+00	5.404946e+01	-1.831147e+00
34	2	6.859283e+02	1.737055e+02	7.280658e+02	1.959801e+02	7.355706e+00	1.717957e+00	5.525398e+01	-1.808453e+00
35	2	6.814101e+02	1.736413e+02	7.212421e+02	1.954226e+02	7.076786e+00	1.714336e+00	5.645850e+01	-1.785760e+00
35	3	1.233426e+03	2.184836e+02	1241	374	3.922303e+00	1.627918e+00	2.111724e+00	-1.589472e+00
36	2	6.781923e+02	1.735791e+02	7.158731e+02	1.948855e+02	6.889876e+00	1.710664e+00	5.767066e+01	-1.763066e+00
36	3	1.135641e+03	2.098686e+02	1241	374	3.908824e+00	1.626670e+00	2.811056e+00	-1.570796e+00
37	2	6.751144e+02	1.735198e+02	7.107175e+02	1.943712e+02	6.702965e+00	1.706991e+00	5.888283e+01	-1.740372e+00
37	3	1.069146e+03	2.045965e+02	1241	374	3.900785e+00	1.627735e+00	3.436928e+00	-1.572132e+00
38	2	6.721677e+02	1.734631e+02	7.057626e+02	1.938783e+02	6.516055e+00	1.703319e+00	6.009499e+01	-1.717679e+00
38	3	1.009985e+03	2.004816e+02	1241	374	3.882191e+00	1.628690e+00	4.147320e+00	-1.573467e+00
39	2	6.692590e+02	1.734049e+02	7.016301e+02	1.933812e+02	6.357942e+00	1.699534e+00	6.136536e+01	-1.711110e+00
39	3	9.580457e+02	1.972077e+02	1241	374	3.868887e+00	1.629430e+00	4.944765e+00	-1.586768e+00
40	2	6.664658e+02	1.733491e+02	6.976692e+02	1.929051e+02	6.199829e+00	1.695750e+00	6.263573e+01	-1.704541e+00
40	3	9.172792e+02	1.946502e+02	1241	374	3.855584e+00	1.630170e+00	5.742210e+00	-1.600069e+00
41	2	6.637815e+02	1.732956e+02	6.938692e+02	1.924487e+02	6.041717e+00	1.691965e+00	6.390610e+01	-1.697973e+00
41	3	8.845150e+02	1.925315e+02	1241	374	3.832661e+00	1.630964e+00	6.565524e+00	-1.597415e+00
41	8	1.224729e+03	1.910876e+02	1241	3.198958e+02	7.742322e+00	1.617975e+00	6.609538e+00	-1.583417e+00
42	2	6.619322e+02	1.732842e+02	6.905351e+02	1.920121e+02	5.943409e+00	1.691654e+00	6.530760e+01	-1.682331e+00
42	3	8.577680e+02	1.907985e+02	1.184932e+03	374	3.809738e+00	1.631758e+00	7.388839e+00	-1.594762e+00
42	8	1.177799e+03	1.891650e+02	1241	3.192869e+02	7.730744e+00	1.617501e+00	7.275584e+00	-1.583464e+00
43	2	6.601623e+02	1.732734e+02	6.873401e+02	1.915945e+02	5.845100e+00	1.691342e+00	6.670909e+01	-1.666690e+00
43	3	8.355199e+02	1.893547e+02	1.110703e+03	3.502682e+02	3.786816e+00	1.632553e+00	8.212153e+00	-1.592109e+00
43	8	1.132756e+03	1.873778e+02	1241	3.187249e+02	7.714603e+00	1.617690e+00	8.023928e+00	-1.581032e+00
44	2	6.584670e+02	1.732631e+02	6.842757e+02	1.911947e+02	5.746792e+00	1.691031e+00	6.811059e+01	-1.651048e+00
44	3	8.162116e+02	1.881111e+02	1.051659e+03	3.303315e+02	3.760373e+00	1.633316e+00	9.049554e+00	-1.589455e+00
44	8	1.094205e+03	1.863346e+02	1241	3.182369e+02	7.698462e+00	1.617878e+00	8.772272e+00	-1.578600e+00
45	2	6.568417e+02	1.732533e+02	6.813341e+02	1.908115e+02	5.648484e+00	1.690720e+00	6.951209e+01	-1.635407e+00
45	3	7.997241e+02	1.870479e+02	1.004499e+03	3.144372e+02	3.733930e+00	1.634079e+00	9.886955e+00	-1.586802e+00
45	8	1.060839e+03	1.854417e+02	1241	3.178230e+02	7.682322e+00	1.618066e+00	9.520616e+00	-1.576167e+00
46	2	6.552821e+02	1.732440e+02	6.785079e+02	1.904440e+02	5.550176e+00	1.690409e+00	7.091358e+01	-1.619765e+00
46	3	7.854813e+02	1.861286e+02	9.659634e+02	3.014690e+02	3.707488e+00	1.634842e+00	1.072436e+01	-1.584149e+00
46	8	1.027951e+03	1.845628e+02	1241	3.057335e+02	7.670593e+00	1.618063e+00	1.036404e+01	-1.582824e+00
47	3	7.732019e+02	1.856460e+02	9.345344e+02	2.909264e+02	3.693871e+00	1.641759e+00	1.158140e+01	-1.585484e+00
47	8	9.993628e+02	1.837998e+02	1241	2.940775e+02	7.658864e+00	1.618059e+00	1.120747e+01	-1.589482e+00
48	3	7.624194e+02	1.852223e+02	9.080753e+02	2.820507e+02	3.680255e+00	1.648676e+00	1.243845e+01	-1.586819e+00
48	8	9.735485e+02	1.831124e+02	1.191754e+03	2.836252e+02	7.651100e+00	1.618735e+00	1.211271e+01	-1.585268e+00
49	3	7.515487e+02	1.841423e+02	8.827922e+02	2.728887e+02	3.657011e+00	1.642421e+00	1.338584e+01	-1.588154e+00
49	8	9.509363e+02	1.825096e+02	1.144776e+03	2.748398e+02	7.643336e+00	1.619411e+00	1.301794e+01	-1.581054e+00
50	3	7.419691e+02	1.831905e+02	8.612706e+02	2.650899e+02	3.633766e+00	1.636167e+00	1.433323e+01	-1.589490e+00
50	8	9.309654e+02	1.819766e+02	1.104684e+03	2.673522e+02	7.635573e+00	1.620088e+00	1.392318e+01	-1.576840e+00
51	3	7.334635e+02	1.823455e+02	8.427292e+02	2.583712e+02	3.610522e+00	1.629912e+00	1.528063e+01	-1.590825e+00
51	8	9.120584e+02	1.814859e+02	1.068850e+03	2.607094e+02	7.619458e+00	1.620681e+00	1.485772e+01	-1.576739e+00
52	3	7.260662e+02	1.831466e+02	8.264135e+02	2.541232e+02	3.602378e+00	1.663071e+00	1.629012e+01	-1.592160e+00
52	8	8.951789e+02	1.810478e+02	1.037741e+03	2.549431e+02	7.603343e+00	1.621274e+00	1.579226e+01	-1.576637e+00
53	3	7.180959e+02	1.823499e+02	8.102772e+02	2.483949e+02	3.565725e+00	1.657173e+00	1.734735e+01	-1.593495e+00
53	8	8.800174e+02	1.806543e+02	1.010480e+03	2.498907e+02	7.587229e+00	1.621867e+00	1.672679e+01	-1.576535e+00
53	9	1.207848e+03	1.913689e+02	1241	3.218101e+02	7.770481e+00	1.631612e+00	6.458377e+00	-1.590629e+00
54	3	7.109672e+02	1.816373e+02	7.961708e+02	2.433874e+02	3.529072e+00	1.651275e+00	1.840458e+01	-1.594830e+00
54	8	8.661521e+02	1.802624e+02	9.867047e+02	2.453888e+02	7.577455e+00	1.622473e+00	1.767243e+01	-1.581612e+00
54	9	1.158394e+03	1.888716e+02	1241	3.208441e+02	7.744805e+00	1.625672e+00	7.181305e+00	-1.592747e+00
55	3	7.047522e+02	1.809812e+02	7.838220e+02	2.388481e+02	3.502565e+00	1.645310e+00	1.949477e+01	-1.596166e+00
55	4	1.173067e+03	2.368449e+02	1241	374	3.364921e+00	1.654173e+00	1.701831e+00	-1.595728e+00
55	8	8.535777e+02	1.798729e+02	9.655825e+02	2.413862e+02	7.567680e+00	1.623079e+00	1.861806e+01	-1.586689e+00
55	9	1.116159e+03	1.868892e+02	1241	3.198109e+02	7.719129e+00	1.619731e+00	7.904232e+00	-1.594866e+00
56	3	6.991476e+02	1.803545e+02	7.728911e+02	2.348301e+02	3.476058e+00	1.639345e+00	2.058497e+01	-1.597501e+00
56	4	1.084649e+03	2.258067e+02	1241	374	3.347980e+00	1.653363e+00	2.301272e+00	-1.595747e+00
56	8	8.399674e+02	1.795168e+02	9.440817e+02	2.377582e+02	7.498362e+00	1.623599e+00	1.957540e+01	-1.591765e+00
56	9	1.078498e+03	1.854844e+02	1241	3.185088e+02	7.700758e+00	1.613702e+00	8.664910e+00	-1.596985e+00
57	3	6.939196e+02	1.799272e+02	7.625602e+02	2.312976e+02	3.448024e+00	1.639297e+00	2.173057e+01	-1.596669e+00
57	4	1.017362e+03	2.174322e+02	1241	374	3.328337e+00	1.652458e+00	2.925466e+00	-1.593033e+00
57	8	8.299325e+02	1.791721e+02	9.272398e+02	2.342811e+02	7.522785e+00	1.624043e+00	2.059807e+01	-1.596842e+00
57	9	1.046173e+03	1.854683e+02	1241	3.191558e+02	7.683010e+00	1.627183e+00	9.442475e+00	-1.589079e+00
58	3	6.891813e+02	1.795457e+02	7.533400e+02	2.281459e+02	3.419990e+00	1.639248e+00	2.287617e+01	-1.595836e+00
58	4	9.662497e+02	2.119367e+02	1241	374	3.308694e+00	1.651552e+00	3.549660e+00	-1.590320e+00
58	8	8.192483e+02	1.788924e+02	9.100570e+02	2.312029e+02	7.491003e+00	1.625195e+00	2.161304e+01	-1.598510e+00
58	9	1.018006e+03	1.854544e+02	1241	3.154336e+02	7.665262e+00	1.640665e+00	1.022004e+01	-1.581173e+00
59	3	6.848670e+02	1.792032e+02	7.450606e+02	2.253166e+02	3.391957e+00	1.639200e+00	2.402177e+01	-1.595004e+00
59	4	9.261063e+02	2.076686e+02	1241	374	3.289052e+00	1.650646e+00	4.173854e+00	-1.587606e+00
59	8	8.094575e+02	1.786398e+02	8.945349e+02	2.284221e+02	7.459220e+00	1.626346e+00	2.262801e+01	-1.600178e+00
59	9	9.900276e+02	1.834825e+02	1241	3.003615e+02	7.678129e+00	1.619668e+00	1.108598e+01	-1.600530e+00
60	3	6.807711e+02	1.788749e+02	7.372466e+02	2.226141e+02	3.365199e+00	1.639109e+00	2.523710e+01	-1.594171e+00
60	4	8.883552e+02	2.037064e+02	1241	374	3.272941e+00	1.649544e+00	4.900174e+00	-1.594065e+00
60	8	8.001935e+02	1.784058e+02	8.800735e+02	2.258491e+02	7.423743e+00	1.627514e+00	2.366332e+01	-1.601846e+00
60	9	9.655046e+02	1.817591e+02	1.230892e+03	2.878637e+02	7.690995e+00	1.598670e+00	1.195192e+01	-1.619888e+00
61	3	6.770303e+02	1.785786e+02	7.301959e+02	2.201762e+02	3.338441e+00	1.639019e+00	2.645242e+01	-1.593339e+00
61	4	8.580900e+02	2.005353e+02	1241	374	3.256830e+00	1.648443e+00	5.626493e+00	-1.600523e+00
61	8	7.916575e+02	1.781928e+02	8.669098e+02	2.235070e+02	7.388265e+00	1.628682e+00	2.469863e+01	-1.603514e+00
61	9	9.403562e+02	1.818000e+02	1.178549e+03	2.792301e+02	7.645434e+00	1.610154e+00	1.284569e+01	-1.639245e+00
62	3	6.729120e+02	1.784586e+02	7.232268e+02	2.179931e+02	3.297617e+00	1.645018e+00	2.775066e+01	-1.596842e+00
62	4	8.332857e+02	1.979397e+02	1.235715e+03	374	3.240720e+00	1.647341e+00	6.352813e+00	-1.606982e+00
62	8	7.837670e+02	1.779982e+02	8.548766e+02	2.213659e+02	7.352788e+00	1.629849e+00	2.573394e+01	-1.605182e+00
62	9	9.180526e+02	1.818363e+02	1.134208e+03	2.718903e+02	7.599873e+00	1.621638e+00	1.373945e+01	-1.658602e+00
63	3	6.691422e+02	1.783501e+02	7.169175e+02	2.160162e+02	3.256792e+00	1.651017e+00	2.904890e+01	-1.600345e+00
63	4	8.116939e+02	1.956159e+02	1.145228e+03	374	3.223294e+00	1.646096e+00	7.135919e+00	-1.608854e+00
63	8	7.759918e+02	1.777891e+02	8.430146e+02	2.191841e+02	7.325351e+00	1.630731e+00	2.688250e+01	-1.606850e+00
63	9	8.962525e+02	1.818216e+02	1.092576e+03	2.650218e+02	7.540479e+00	1.632950e+00	1.470724e+01	-1.677960e+00
64	3	6.655008e+02	1.781092e+02	7.109052e+02	2.140151e+02	3.211837e+00	1.651698e+00	3.039527e+01	-1.603847e+00
64	4	7.936313e+02	1.936709e+02	1.076973e+03	3.619798e+02	3.205869e+00	1.644851e+00	7.919025e+00	-1.610727e+00
64	8	7.688184e+02	1.775983e+02	8.321843e+02	2.171921e+02	7.297914e+00	1.631613e+00	2.803107e+01	-1.608518e+00
64	9	8.807214e+02	1.810940e+02	1.057987e+03	2.582405e+02	7.530124e+00	1.627440e+00	1.566339e+01	-1.669947e+00
65	3	6.621533e+02	1.778899e+02	7.054303e+02	2.121926e+02	3.166881e+00	1.652379e+00	3.174164e+01	-1.607350e+00
65	4	7.770747e+02	1.919133e+02	1.020090e+03	3.395029e+02	3.183166e+00	1.643476e+00	8.754957e+00	-1.612599e+00
65	8	7.621797e+02	1.774233e+02	8.222568e+02	2.153661e+02	7.270476e+00	1.632495e+00	2.917963e+01	-1.610186e+00
65	9	8.668097e+02	1.802979e+02	1.027848e+03	2.523520e+02	7.519769e+00	1.621931e+00	1.661955e+01	-1.661934e+00
66	3	6.590654e+02	1.776894e+02	7.004238e+02	2.105257e+02	3.121925e+00	1.653060e+00	3.308801e+01	-1.610853e+00
66	4	7.629780e+02	1.904162e+02	9.751639e+02	3.217735e+02	3.160463e+00	1.642101e+00	9.590889e+00	-1.614472e+00
66	8	7.548943e+02	1.772507e+02	8.117494e+02	2.135941e+02	7.206070e+00	1.633298e+00	3.039159e+01	-1.611854e+00
66	9	8.515995e+02	1.798266e+02	9.971774e+02	2.468666e+02	7.485011e+00	1.622699e+00	1.770597e+01	-1.656603e+00
67	3	6.560668e+02	1.775257e+02	6.955412e+02	2.089492e+02	3.073254e+00	1.655110e+00	3.450365e+01	-1.613611e+00
67	4	7.505720e+02	1.890666e+02	9.365594e+02	3.068022e+02	3.133828e+00	1.640632e+00	1.046475e+01	-1.611560e+00
67	8	7.481400e+02	1.770920e+02	8.020914e+02	2.119655e+02	7.141664e+00	1.634101e+00	3.160355e+01	-1.613522e+00
67	9	8.379934e+02	1.794156e+02	9.704333e+02	2.420941e+02	7.450253e+00	1.623468e+00	1.879240e+01	-1.651272e+00
68	3	6.532944e+02	1.773755e+02	6.910613e+02	2.075026e+02	3.024582e+00	1.657159e+00	3.591930e+01	-1.616369e+00
68	4	7.398408e+02	1.878975e+02	9.048827e+02	2.945469e+02	3.107192e+00	1.639162e+00	1.133861e+01	-1.608648e+00
68	5	1.237877e+03	2.126948e+02	1241	3.716435e+02	3.731397e+00	1.656453e+00	1.380783e+00	-1.616622e+00
68	8	7.415130e+02	1.767868e+02	7.931218e+02	2.102772e+02	7.073860e+00	1.628251e+00	3.284331e+01	-1.620825e+00
68	9	8.257503e+02	1.790541e+02	9.469065e+02	2.379041e+02	7.415495e+00	1.624236e+00	1.987883e+01	-1.645942e+00
68	10	1.227009e+03	0	1241	3.384713e+02	7.584948e+00	1.586984e+00	3.285285e+00	-1.598439e+00
69	3	6.507235e+02	1.772373e+02	6.869365e+02	2.061706e+02	2.975911e+00	1.659208e+00	3.733495e+01	-1.619126e+00
69	4	7.301228e+02	1.868653e+02	8.778613e+02	2.842441e+02	3.075275e+00	1.637662e+00	1.222039e+01	-1.605736e+00
69	5	1.136853e+03	2.052612e+02	1241	374	3.693466e+00	1.655419e+00	1.962237e+00	-1.616617e+00
69	8	7.358806e+02	1.765029e+02	7.854055e+02	2.087022e+02	7.034835e+00	1.622372e+00	3.409632e+01	-1.628128e+00
69	9	8.139822e+02	1.786082e+02	9.254802e+02	2.339195e+02	7.382141e+00	1.622213e+00	2.101954e+01	-1.645458e+00
69	10	1.151317e+03	0	1241	3.377916e+02	7.556661e+00	1.585343e+00	4.234961e+00	-1.604801e+00
70	3	6.481391e+02	1.770016e+02	6.828650e+02	2.047912e+02	2.919306e+00	1.656003e+00	3.880492e+01	-1.621884e+00
70	4	7.215968e+02	1.859112e+02	8.544665e+02	2.751063e+02	3.051286e+00	1.636106e+00	1.314971e+01	-1.602824e+00
70	5	1.058742e+03	1.994106e+02	1241	374	3.676842e+00	1.655112e+00	2.620382e+00	-1.612533e+00
70	8	7.306296e+02	1.762402e+02	7.782630e+02	2.072439e+02	6.995811e+00	1.616493e+00	3.534933e+01	-1.635431e+00
70	9	8.033287e+02	1.782125e+02	9.064672e+02	2.303865e+02	7.348787e+00	1.620189e+00	2.216026e+01	-1.644975e+00
70	10	1.102587e+03	0	1241	3.371481e+02	7.542829e+00	1.590810e+00	5.027791e+00	-1.604495e+00
71	3	6.457360e+02	1.767838e+02	6.791030e+02	2.035166e+02	2.862702e+00	1.652798e+00	4.027490e+01	-1.624642e+00
71	4	7.140808e+02	1.850692e+02	8.345563e+02	2.673409e+02	3.027298e+00	1.634550e+00	1.407903e+01	-1.599912e+00
71	5	1.000476e+03	1.953756e+02	1241	374	3.660218e+00	1.654806e+00	3.278528e+00	-1.608448e+00
71	8	7.249789e+02	1.759868e+02	7.707119e+02	2.058080e+02	6.930933e+00	1.610518e+00	3.668677e+01	-1.642734e+00
71	9	7.935590e+02	1.778355e+02	8.890053e+02	2.270110e+02	7.334459e+00	1.618059e+00	2.338654e+01	-1.644491e+00
71	10	1.061747e+03	0	1241	3.365192e+02	7.528997e+00	1.596277e+00	5.820621e+00	-1.604188e+00
72	3	6.436671e+02	1.765918e+02	6.755076e+02	2.023151e+02	2.811232e+00	1.650312e+00	4.178980e+01	-1.622623e+00
72	4	7.071860e+02	1.844943e+02	8.173054e+02	2.606674e+02	3.008099e+00	1.637585e+00	1.504652e+01	-1.600070e+00
72	5	9.516238e+02	1.926023e+02	1241	374	3.643599e+00	1.654341e+00	4.000570e+00	-1.604364e+00
72	8	7.197092e+02	1.757522e+02	7.637159e+02	2.044774e+02	6.866056e+00	1.604543e+00	3.802421e+01	-1.650037e+00
72	9	7.846921e+02	1.774991e+02	8.734294e+02	2.240022e+02	7.320131e+00	1.615929e+00	2.461283e+01	-1.644008e+00
72	10	1.027024e+03	0	1241	3.359047e+02	7.515166e+00	1.601744e+00	6.613451e+00	-1.603882e+00
73	3	6.417380e+02	1.764137e+02	6.721727e+02	2.012010e+02	2.759763e+00	1.647826e+00	4.330470e+01	-1.620604e+00
73	4	7.002364e+02	1.839614e+02	8.011588e+02	2.547124e+02	2.973058e+00	1.640599e+00	1.604570e+01	-1.600228e+00
73	5	9.134169e+02	1.904235e+02	1241	374	3.626981e+00	1.653876e+00	4.722613e+00	-1.600280e+00
73	8	7.146529e+02	1.755781e+02	7.563531e+02	2.032630e+02	6.779076e+00	1.600832e+00	3.938759e+01	-1.644459e+00
73	9	7.758687e+02	1.771687e+02	8.581655e+02	2.210469e+02	7.305817e+00	1.613591e+00	2.596272e+01	-1.643525e+00
73	10	9.971387e+02	0	1241	3.353045e+02	7.501334e+00	1.607211e+00	7.406281e+00	-1.603575e+00
74	3	6.399350e+02	1.762480e+02	6.690712e+02	2.001651e+02	2.708294e+00	1.645340e+00	4.481960e+01	-1.618586e+00
74	4	6.940295e+02	1.834854e+02	7.871062e+02	2.495318e+02	2.938017e+00	1.643612e+00	1.704488e+01	-1.600386e+00
74	5	8.799090e+02	1.885670e+02	1241	374	3.608169e+00	1.653427e+00	5.495108e+00	-1.600985e+00
74	8	7.099239e+02	1.754162e+02	7.495001e+02	2.021334e+02	6.692096e+00	1.597122e+00	4.075097e+01	-1.638881e+00
74	9	7.675531e+02	1.769590e+02	8.446183e+02	2.186576e+02	7.260095e+00	1.613733e+00	2.721375e+01	-1.644607e+00
74	10	9.689462e+02	0	1241	3.347171e+02	7.482185e+00	1.612588e+00	8.263008e+00	-1.603269e+00
75	3	6.381941e+02	1.760964e+02	6.661487e+02	1.992233e+02	2.651748e+00	1.642849e+00	4.629393e+01	-1.616567e+00
75	4	6.891024e+02	1.830279e+02	7.753005e+02	2.447719e+02	2.925870e+00	1.646473e+00	1.809072e+01	-1.600544e+00
75	5	8.527051e+02	1.870582e+02	1241	374	3.589356e+00	1.652978e+00	6.267604e+00	-1.601689e+00
75	8	7.054915e+02	1.752651e+02	7.431059e+02	2.010802e+02	6.605116e+00	1.593411e+00	4.211436e+01	-1.633304e+00
75	9	7.593360e+02	1.767523e+02	8.314709e+02	2.163629e+02	7.205578e+00	1.613667e+00	2.854120e+01	-1.645689e+00
75	10	9.444430e+02	0	1241	3.341439e+02	7.463035e+00	1.617966e+00	9.119735e+00	-1.602962e+00
76	3	6.365573e+02	1.759544e+02	6.634125e+02	1.983418e+02	2.595203e+00	1.640358e+00	4.776826e+01	-1.614549e+00
76	4	6.846709e+02	1.826164e+02	7.649058e+02	2.405823e+02	2.913723e+00	1.649335e+00	1.913655e+01	-1.600702e+00
76	5	8.293822e+02	1.857345e+02	1.238188e+03	374	3.575111e+00	1.652373e+00	7.083457e+00	-1.603165e+00
76	8	7.013287e+02	1.751239e+02	7.371258e+02	2.000958e+02	6.518136e+00	1.589701e+00	4.347774e+01	-1.627726e+00
76	9	7.518045e+02	1.765651e+02	8.195728e+02	2.142868e+02	7.151060e+00	1.613602e+00	2.986865e+01	-1.646772e+00
76	10	9.229495e+02	0	1241	3.335848e+02	7.443886e+00	1.623344e+00	9.976462e+00	-1.602656e+00
77	3	6.350156e+02	1.758213e+02	6.608452e+02	1.975149e+02	2.538657e+00	1.637867e+00	4.924260e+01	-1.612530e+00
77	4	6.798530e+02	1.820028e+02	7.545764e+02	2.364854e+02	2.879892e+00	1.645289e+00	2.021472e+01	-1.600673e+00
77	5	8.099229e+02	1.846294e+02	1.151414e+03	3.722257e+02	3.560866e+00	1.651768e+00	7.899311e+00	-1.604640e+00
77	8	6.974116e+02	1.749915e+02	7.315207e+02	1.991737e+02	6.431156e+00	1.585990e+00	4.484112e+01	-1.622148e+00
77	9	7.454525e+02	1.763974e+02	8.094372e+02	2.124197e+02	7.120311e+00	1.613564e+00	3.118184e+01	-1.647854e+00
77	10	9.029279e+02	0	1241	3.331002e+02	7.419091e+00	1.628687e+00	1.087057e+01	-1.602349e+00
78	3	6.335271e+02	1.756923e+02	6.583678e+02	1.967103e+02	2.481484e+00	1.635336e+00	5.077208e+01	-1.610512e+00
78	4	6.754878e+02	1.814468e+02	7.453800e+02	2.328389e+02	2.846061e+00	1.641243e+00	2.129288e+01	-1.600643e+00
78	5	7.919057e+02	1.836232e+02	1.079506e+03	3.463995e+02	3.537501e+00	1.651110e+00	8.779061e+00	-1.604574e+00
78	9	7.395847e+02	1.762441e+02	8.001725e+02	2.107135e+02	7.089562e+00	1.613526e+00	3.249502e+01	-1.648936e+00
78	10	8.851811e+02	0	1241	3.222532e+02	7.394295e+00	1.634029e+00	1.176468e+01	-1.602043e+00
79	3	6.321232e+02	1.755711e+02	6.560396e+02	1.959543e+02	2.424311e+00	1.632804e+00	5.230156e+01	-1.608493e+00
79	4	6.715144e+02	1.809406e+02	7.371399e+02	2.295724e+02	2.812229e+00	1.637198e+00	2.237104e+01	-1.600614e+00
79	5	7.766227e+02	1.827690e+02	1.023935e+03	3.264827e+02	3.514135e+00	1.650451e+00	9.658812e+00	-1.604509e+00
79	9	7.341478e+02	1.761034e+02	7.916711e+02	2.091482e+02	7.058813e+00	1.613489e+00	3.380820e+01	-1.650018e+00
79	10	8.693423e+02	1.148884e+01	1241	3.072347e+02	7.369500e+00	1.639372e+00	1.265879e+01	-1.601736e+00
80	3	6.307969e+02	1.754570e+02	6.538474e+02	1.952426e+02	2.367138e+00	1.630272e+00	5.383104e+01	-1.606475e+00
80	4	6.676081e+02	1.806814e+02	7.293254e+02	2.268099e+02	2.770933e+00	1.640528e+00	2.347504e+01	-1.600585e+00
80	5	7.630248e+02	1.821924e+02	9.778445e+02	3.101743e+02	3.492842e+00	1.653144e+00	1.058623e+01	-1.604486e+00
80	9	7.290961e+02	1.759738e+02	7.838424e+02	2.077071e+02	7.028064e+00	1.613451e+00	3.512139e+01	-1.651101e+00
80	10	8.538064e+02	2.698083e+01	1241	2.938692e+02	7.334480e+00	1.638297e+00	1.360719e+01	-1.602384e+00
81	3	6.295419e+02	1.753493e+02	6.517798e+02	1.945715e+02	2.309966e+00	1.627741e+00	5.536053e+01	-1.604456e+00
81	4	6.640305e+02	1.804184e+02	7.222630e+02	2.243138e+02	2.729637e+00	1.643858e+00	2.457904e+01	-1.600556e+00
81	5	7.513022e+02	1.816949e+02	9.406596e+02	2.970351e+02	3.471549e+00	1.655838e+00	1.151364e+01	-1.604464e+00
81	9	7.241322e+02	1.758498e+02	7.762682e+02	2.063394e+02	6.989396e+00	1.613362e+00	3.647102e+01	-1.652183e+00
81	10	8.398588e+02	3.983189e+01	1.205183e+03	2.829082e+02	7.299461e+00	1.637222e+00	1.455559e+01	-1.603032e+00
82	4	6.607419e+02	1.801712e+02	7.158489e+02	2.220472e+02	2.688341e+00	1.647189e+00	2.568304e+01	-1.600527e+00
82	5	7.410920e+02	1.812614e+02	9.100268e+02	2.862231e+02	3.450256e+00	1.658531e+00	1.244106e+01	-1.604441e+00
82	9	7.195052e+02	1.757352e+02	7.692635e+02	2.050748e+02	6.950728e+00	1.613272e+00	3.782066e+01	-1.653265e+00
82	10	8.276569e+02	5.059704e+01	1.155059e+03	2.737952e+02	7.273568e+00	1.636129e+00	1.549943e+01	-1.603680e+00
83	4	6.576514e+02	1.799348e+02	7.098628e+02	2.199150e+02	2.647049e+00	1.650471e+00	2.682093e+01	-1.600498e+00
83	5	7.315147e+02	1.803941e+02	8.822822e+02	2.757990e+02	3.432373e+00	1.653262e+00	1.346453e+01	-1.604418e+00
83	9	7.151819e+02	1.756289e+02	7.627666e+02	2.039021e+02	6.912059e+00	1.613183e+00	3.917029e+01	-1.654347e+00
83	10	8.165818e+02	5.974070e+01	1.112508e+03	2.660660e+02	7.247676e+00	1.635036e+00	1.644327e+01	-1.604327e+00
84	4	6.547984e+02	1.797188e+02	7.043942e+02	2.179675e+02	2.605756e+00	1.653753e+00	2.795882e+01	-1.600469e+00
84	5	7.231310e+02	1.794792e+02	8.590544e+02	2.670793e+02	3.414490e+00	1.647994e+00	1.448800e+01	-1.604396e+00
84	9	7.103786e+02	1.754665e+02	7.549981e+02	2.026137e+02	6.836605e+00	1.610228e+00	4.070688e+01	-1.645032e+00
84	10	8.059509e+02	6.807070e+01	1.073874e+03	2.590296e+02	7.222550e+00	1.633839e+00	1.744795e+01	-1.604975e+00
85	4	6.521566e+02	1.795207e+02	6.993788e+02	2.161816e+02	2.564464e+00	1.657035e+00	2.909671e+01	-1.600439e+00
85	5	7.157309e+02	1.787018e+02	8.393233e+02	2.596776e+02	3.396607e+00	1.642725e+00	1.551147e+01	-1.604373e+00
85	6	1.155000e+03	1.674663e+02	1241	374	3.665611e+00	1.643449e+00	1.827554e+00	-1.591327e+00
85	9	7.059129e+02	1.753165e+02	7.478163e+02	2.014241e+02	6.761150e+00	1.607272e+00	4.224347e+01	-1.635717e+00
85	10	7.962716e+02	7.524971e+01	1.040592e+03	2.529723e+02	7.197425e+00	1.632642e+00	1.845264e+01	-1.605623e+00
85	13	9.867724e+02	1.793318e+02	1.083813e+03	2.141343e+02	1.914099e+01	1.791332e+00	3.261625e+01	-2.302856e+00
86	4	6.497033e+02	1.793384e+02	6.947624e+02	2.145381e+02	2.523172e+00	1.660317e+00	3.023460e+01	-1.600410e+00
86	5	7.086778e+02	1.786867e+02	8.214108e+02	2.537414e+02	3.372780e+00	1.651076e+00	1.657983e+01	-1.604350e+00
86	6	1.070333e+03	1.660836e+02	1241	374	3.658370e+00	1.643907e+00	2.524659e+00	-1.587391e+00
86	9	7.017505e+02	1.751774e+02	7.411571e+02	2.003222e+02	6.685695e+00	1.604317e+00	4.378006e+01	-1.626402e+00
86	10	7.874215e+02	8.150088e+01	1.011622e+03	2.477030e+02	7.172300e+00	1.631444e+00	1.945733e+01	-1.606271e+00
86	13	9.745687e+02	1.788710e+02	1.069764e+03	2.132165e+02	1.877869e+01	1.774370e+00	3.301983e+01	-2.297003e+00
87	4	6.476358e+02	1.791033e+02	6.906710e+02	2.128994e+02	2.494320e+00	1.661262e+00	3.142021e+01	-1.600381e+00
87	5	7.023943e+02	1.786737e+02	8.059309e+02	2.486142e+02	3.348952e+00	1.659427e+00	1.764819e+01	-1.604328e+00
87	6	1.008440e+03	1.645932e+02	1241	374	3.651129e+00	1.644366e+00	3.221764e+00	-1.583456e+00
87	9	6.978617e+02	1.750482e+02	7.349653e+02	1.992988e+02	6.610241e+00	1.601361e+00	4.531665e+01	-1.617087e+00
87	10	7.785767e+02	8.755285e+01	9.837440e+02	2.426042e+02	7.148491e+00	1.630097e+00	2.057199e+01	-1.606919e+00
87	13	9.626606e+02	1.784214e+02	1.056054e+03	2.123218e+02	1.841639e+01	1.757408e+00	3.342340e+01	-2.291150e+00
88	4	6.457115e+02	1.788862e+02	6.868928e+02	2.113863e+02	2.465468e+00	1.662207e+00	3.260582e+01	-1.600352e+00
88	5	6.963775e+02	1.786262e+02	7.914320e+02	2.437500e+02	3.325135e+00	1.667668e+00	1.880783e+01	-1.604305e+00
88	6	9.590496e+02	1.630582e+02	1241	374	3.650231e+00	1.644784e+00	3.950561e+00	-1.585110e+00
88	9	6.942204e+02	1.749278e+02	7.291933e+02	1.983457e+02	6.534786e+00	1.598406e+00	4.685324e+01	-1.607772e+00
88	10	7.704998e+02	9.284590e+01	9.593696e+02	2.381485e+02	7.124681e+00	1.628749e+00	2.168665e+01	-1.607566e+00
88	13	9.510375e+02	1.779826e+02	1.042670e+03	2.114494e+02	1.805409e+01	1.740446e+00	3.382697e+01	-2.285298e+00
89	4	6.439158e+02	1.786851e+02	6.833933e+02	2.099849e+02	2.436616e+00	1.663152e+00	3.379143e+01	-1.600323e+00
89	5	6.909978e+02	1.785848e+02	7.787957e+02	2.395126e+02	3.301317e+00	1.675908e+00	1.996747e+01	-1.604283e+00
89	6	9.204441e+02	1.615425e+02	1241	374	3.649332e+00	1.645201e+00	4.679359e+00	-1.586765e+00
89	10	7.630948e+02	9.751437e+01	9.378770e+02	2.342215e+02	7.100872e+00	1.627402e+00	2.280131e+01	-1.608214e+00
89	13	9.396892e+02	1.775541e+02	1.029601e+03	2.105985e+02	1.769179e+01	1.723484e+00	3.423055e+01	-2.279445e+00
90	4	6.422364e+02	1.784983e+02	6.801425e+02	2.086833e+02	2.407764e+00	1.664096e+00	3.497704e+01	-1.600294e+00
90	5	6.857722e+02	1.781178e+02	7.670170e+02	2.352126e+02	3.270210e+00	1.673023e+00	2.117519e+01	-1.604260e+00
90	6	8.857989e+02	1.604393e+02	1241	374	3.636819e+00	1.645488e+00	5.471020e+00	-1.589392e+00
90	10	7.558226e+02	1.016463e+02	9.181619e+02	2.307507e+02	7.057991e+00	1.626105e+00	2.391096e+01	-1.608773e+00
90	13	9.286062e+02	1.771356e+02	1.016835e+03	2.097682e+02	1.732949e+01	1.706521e+00	3.463412e+01	-2.273593e+00
91	4	6.403753e+02	1.783162e+02	6.767552e+02	2.074267e+02	2.365711e+00	1.664980e+00	3.620579e+01	-1.600264e+00
91	5	6.810656e+02	1.777058e+02	7.566282e+02	2.314214e+02	3.239103e+00	1.670138e+00	2.238292e+01	-1.604237e+00
91	6	8.577919e+02	1.615618e+02	1241	374	3.624306e+00	1.645774e+00	6.262681e+00	-1.592020e+00
91	10	7.491066e+02	1.053439e+02	9.005226e+02	2.276466e+02	7.015110e+00	1.624808e+00	2.502061e+01	-1.609331e+00
91	13	9.197153e+02	1.771106e+02	1.006556e+03	2.093978e+02	1.704233e+01	1.707423e+00	3.498566e+01	-2.272723e+00
92	4	6.386312e+02	1.781466e+02	6.736005e+02	2.062565e+02	2.323658e+00	1.665864e+00	3.743454e+01	-1.600235e+00
92	5	6.768043e+02	1.773397e+02	7.473971e+02	2.280538e+02	3.207996e+00	1.667253e+00	2.359064e+01	-1.604215e+00
92	6	8.346822e+02	1.623393e+02	1241	374	3.611793e+00	1.646060e+00	7.054342e+00	-1.594647e+00
92	10	7.428855e+02	1.086723e+02	8.846477e+02	2.248540e+02	6.972228e+00	1.623511e+00	2.613025e+01	-1.609890e+00
92	13	9.109974e+02	1.770861e+02	9.964856e+02	2.090352e+02	1.675516e+01	1.708325e+00	3.533720e+01	-2.271853e+00
93	4	6.369612e+02	1.779799e+02	6.705768e+02	2.051207e+02	2.281610e+00	1.666654e+00	3.871084e+01	-1.600206e+00
93	5	6.727414e+02	1.769931e+02	7.386943e+02	2.248573e+02	3.176898e+00	1.664213e+00	2.487747e+01	-1.604192e+00
93	6	8.137486e+02	1.638450e+02	1.154455e+03	3.721352e+02	3.595060e+00	1.646230e+00	7.905167e+00	-1.597274e+00
93	10	7.370122e+02	1.118200e+02	8.698557e+02	2.222117e+02	6.934677e+00	1.622111e+00	2.729315e+01	-1.610449e+00
93	13	9.024477e+02	1.770621e+02	9.866182e+02	2.086802e+02	1.646799e+01	1.709227e+00	3.568874e+01	-2.270983e+00
94	4	6.353936e+02	1.778243e+02	6.677544e+02	2.040606e+02	2.239562e+00	1.667444e+00	3.998713e+01	-1.600177e+00
94	5	6.690505e+02	1.766832e+02	7.309150e+02	2.220009e+02	3.145799e+00	1.661172e+00	2.616430e+01	-1.604169e+00
94	6	7.961272e+02	1.649858e+02	1.084935e+03	3.471231e+02	3.578327e+00	1.646399e+00	8.755992e+00	-1.599902e+00
94	10	7.315599e+02	1.146696e+02	8.564671e+02	2.198210e+02	6.897126e+00	1.620710e+00	2.845604e+01	-1.611007e+00
94	13	8.940613e+02	1.770385e+02	9.769475e+02	2.083324e+02	1.618082e+01	1.710129e+00	3.604028e+01	-2.270113e+00
95	4	6.339192e+02	1.776786e+02	6.651137e+02	2.030689e+02	2.197514e+00	1.668234e+00	4.126342e+01	-1.600148e+00
95	5	6.656829e+02	1.764045e+02	7.239198e+02	2.194329e+02	3.114700e+00	1.658132e+00	2.745114e+01	-1.604147e+00
95	6	7.810897e+02	1.658731e+02	1.030898e+03	3.276911e+02	3.561595e+00	1.646568e+00	9.606817e+00	-1.602529e+00
95	10	7.264849e+02	1.172614e+02	8.442912e+02	2.176474e+02	6.859575e+00	1.619309e+00	2.961894e+01	-1.611566e+00
95	13	8.858336e+02	1.770155e+02	9.674675e+02	2.079916e+02	1.589365e+01	1.711031e+00	3.639182e+01	-2.269243e+00
96	4	6.325299e+02	1.775421e+02	6.626379e+02	2.021391e+02	2.155466e+00	1.669024e+00	4.253972e+01	-1.600119e+00
96	5	6.624164e+02	1.762711e+02	7.171446e+02	2.170489e+02	3.084632e+00	1.660069e+00	2.885737e+01	-1.604124e+00
96	6	7.672624e+02	1.666960e+02	9.840797e+02	3.116031e+02	3.528932e+00	1.647742e+00	1.049374e+01	-1.599894e+00
96	7	1.142804e+03	2.185361e+02	1241	374	3.603070e+00	1.634423e+00	2.244537e+00	-1.570796e+00
96	10	7.217494e+02	1.196289e+02	8.331705e+02	2.156627e+02	6.822024e+00	1.617909e+00	3.078183e+01	-1.612125e+00
96	13	8.777601e+02	1.769928e+02	9.581728e+02	2.076577e+02	1.560648e+01	1.711933e+00	3.674336e+01	-2.268373e+00
97	4	6.311082e+02	1.773647e+02	6.601547e+02	2.011841e+02	2.108204e+00	1.667299e+00	4.387321e+01	-1.600115e+00
97	5	6.594352e+02	1.761510e+02	7.110415e+02	2.149019e+02	3.054563e+00	1.662006e+00	3.026359e+01	-1.604101e+00
97	6	7.559915e+02	1.673780e+02	9.464821e+02	2.981775e+02	3.515288e+00	1.648874e+00	1.140919e+01	-1.597259e+00
97	7	1.052835e+03	2.093261e+02	1241	374	3.606719e+00	1.632646e+00	3.044157e+00	-1.566915e+00
97	10	7.173000e+02	1.218370e+02	8.228695e+02	2.138124e+02	6.786539e+00	1.616487e+00	3.196537e+01	-1.612683e+00
97	13	8.698365e+02	1.769707e+02	9.490578e+02	2.073304e+02	1.531932e+01	1.712835e+00	3.709490e+01	-2.267503e+00
98	4	6.297674e+02	1.771981e+02	6.578236e+02	2.002876e+02	2.060941e+00	1.665573e+00	4.520670e+01	-1.600111e+00
98	5	6.567034e+02	1.760422e+02	7.055153e+02	2.129581e+02	3.024494e+00	1.663942e+00	3.166982e+01	-1.604079e+00
98	6	7.461675e+02	1.679402e+02	9.155053e+02	2.871355e+02	3.501644e+00	1.650006e+00	1.232463e+01	-1.594624e+00
98	7	9.892229e+02	2.032805e+02	1241	374	3.610367e+00	1.630869e+00	3.843777e+00	-1.563033e+00
98	10	7.131341e+02	1.238664e+02	8.134034e+02	2.121124e+02	6.751055e+00	1.615065e+00	3.314891e+01	-1.613242e+00
98	13	8.637259e+02	1.767067e+02	9.419982e+02	2.068123e+02	1.509957e+01	1.701145e+00	3.738609e+01	-2.266633e+00
99	4	6.285007e+02	1.770414e+02	6.556309e+02	1.994444e+02	2.013679e+00	1.663847e+00	4.654019e+01	-1.600107e+00
99	5	6.541912e+02	1.759432e+02	7.004878e+02	2.111901e+02	2.994426e+00	1.665879e+00	3.307605e+01	-1.604056e+00
99	6	7.362091e+02	1.684216e+02	8.882702e+02	2.774496e+02	3.478648e+00	1.651024e+00	1.329004e+01	-1.597354e+00
99	7	9.363833e+02	1.988896e+02	1241	374	3.607684e+00	1.628976e+00	4.713126e+00	-1.566887e+00
99	10	7.092256e+02	1.257379e+02	8.046745e+02	2.105452e+02	6.715571e+00	1.613643e+00	3.433245e+01	-1.613800e+00
99	13	8.577079e+02	1.764469e+02	9.350498e+02	2.063026e+02	1.487982e+01	1.689455e+00	3.767728e+01	-2.265763e+00
100	4	6.273023e+02	1.768938e+02	6.535646e+02	1.986499e+02	1.966417e+00	1.662121e+00	4.787368e+01	-1.600103e+00
100	5	6.513602e+02	1.758924e+02	6.952241e+02	2.095400e+02	2.942660e+00	1.669907e+00	3.455443e+01	-1.604034e+00
100	6	7.274331e+02	1.688274e+02	8.653177e+02	2.692857e+02	3.455653e+00	1.652043e+00	1.425544e+01	-1.600083e+00
100	7	8.962388e+02	1.955609e+02	1241	374	3.605001e+00	1.627082e+00	5.582475e+00	-1.570742e+00
100	10	7.053308e+02	1.275074e+02	7.962573e+02	2.090805e+02	6.670605e+00	1.612595e+00	3.553672e+01	-1.614313e+00
100	13	8.517805e+02	1.761911e+02	9.282100e+02	2.058011e+02	1.466007e+01	1.677765e+00	3.796846e+01	-2.264893e+00
101	4	6.261667e+02	1.767544e+02	6.516142e+02	1.979000e+02	1.919154e+00	1.660395e+00	4.920717e+01	-1.600099e+00
101	5	6.487497e+02	1.758459e+02	6.904164e+02	2.080332e+02	2.890895e+00	1.673935e+00	3.603280e+01	-1.604011e+00
101	6	7.196408e+02	1.691741e+02	8.457112e+02	2.623114e+02	3.432657e+00	1.653061e+00	1.522085e+01	-1.602813e+00
101	7	8.640047e+02	1.928559e+02	1241	374	3.601794e+00	1.625122e+00	6.487216e+00	-1.570728e+00
101	10	7.016664e+02	1.291472e+02	7.884582e+02	2.077235e+02	6.625638e+00	1.611548e+00	3.674099e+01	-1.614825e+00
101	11	1.186682e+03	1.901461e+02	1241	3.267599e+02	7.552137e+00	1.626781e+00	6.325240e+00	-1.598505e+00
101	13	8.469081e+02	1.761718e+02	9.224431e+02	2.055746e+02	1.448041e+01	1.677985e+00	3.823232e+01	-2.255155e+00
102	5	6.463556e+02	1.758038e+02	6.860227e+02	2.066455e+02	2.840652e+00	1.678014e+00	3.751879e+01	-1.603988e+00
102	6	7.123137e+02	1.694852e+02	8.279685e+02	2.560411e+02	3.406497e+00	1.654111e+00	1.622798e+01	-1.605542e+00
102	7	8.382352e+02	1.906934e+02	1.163984e+03	374	3.598586e+00	1.623163e+00	7.391957e+00	-1.570714e+00
102	10	6.982125e+02	1.306710e+02	7.812114e+02	2.064630e+02	6.580672e+00	1.610501e+00	3.794526e+01	-1.615337e+00
102	11	1.126397e+03	1.875220e+02	1241	3.254561e+02	7.534664e+00	1.625066e+00	7.283213e+00	-1.598477e+00
102	13	8.421082e+02	1.761528e+02	9.167487e+02	2.053511e+02	1.430075e+01	1.678205e+00	3.849618e+01	-2.245416e+00
103	5	6.438369e+02	1.757566e+02	6.815819e+02	2.053062e+02	2.776725e+00	1.681938e+00	3.907323e+01	-1.603966e+00
103	6	7.057537e+02	1.697553e+02	8.125676e+02	2.505982e+02	3.380337e+00	1.655162e+00	1.723512e+01	-1.608272e+00
103	7	8.171628e+02	1.889251e+02	1.088615e+03	3.468325e+02	3.595379e+00	1.621203e+00	8.296698e+00	-1.570700e+00
103	10	6.949514e+02	1.320906e+02	7.744604e+02	2.052888e+02	6.535706e+00	1.609454e+00	3.914954e+01	-1.615850e+00
103	11	1.077974e+03	1.860576e+02	1241	3.241749e+02	7.520849e+00	1.624174e+00	8.232296e+00	-1.598162e+00
103	13	8.373792e+02	1.761341e+02	9.111253e+02	2.051307e+02	1.412109e+01	1.678425e+00	3.876004e+01	-2.235678e+00
104	5	6.415021e+02	1.757132e+02	6.774976e+02	2.040745e+02	2.712797e+00	1.685861e+00	4.062768e+01	-1.603943e+00
104	6	6.998182e+02	1.699933e+02	7.986925e+02	2.455648e+02	3.360521e+00	1.656015e+00	1.829930e+01	-1.611001e+00
104	7	7.977114e+02	1.878303e+02	1.026349e+03	3.251577e+02	3.582295e+00	1.626402e+00	9.272905e+00	-1.570687e+00
104	10	6.917008e+02	1.334248e+02	7.679354e+02	2.041841e+02	6.481491e+00	1.608362e+00	4.036242e+01	-1.616362e+00
104	11	1.037703e+03	1.848935e+02	1241	3.229107e+02	7.507034e+00	1.623282e+00	9.181379e+00	-1.597847e+00
104	13	8.327195e+02	1.761157e+02	9.055716e+02	2.049133e+02	1.394143e+01	1.678645e+00	3.902390e+01	-2.225940e+00
105	5	6.394529e+02	1.754481e+02	6.738600e+02	2.027115e+02	2.656344e+00	1.677226e+00	4.218378e+01	-1.603920e+00
105	6	6.944741e+02	1.702022e+02	7.865155e+02	2.411474e+02	3.340705e+00	1.656867e+00	1.936349e+01	-1.613731e+00
105	7	7.814567e+02	1.869153e+02	9.781554e+02	3.083815e+02	3.569211e+00	1.631601e+00	1.024911e+01	-1.570673e+00
105	10	6.886234e+02	1.346732e+02	7.618309e+02	2.031508e+02	6.427276e+00	1.607270e+00	4.157530e+01	-1.616874e+00
105	11	1.002220e+03	1.838600e+02	1241	3.168240e+02	7.493223e+00	1.622244e+00	1.017610e+01	-1.597532e+00
105	13	8.281277e+02	1.760975e+02	9.000863e+02	2.046987e+02	1.376177e+01	1.678865e+00	3.928776e+01	-2.216201e+00
106	5	6.375434e+02	1.752027e+02	6.704931e+02	2.014501e+02	2.599890e+00	1.668591e+00	4.373987e+01	-1.603898e+00
106	6	6.894665e+02	1.704174e+02	7.754720e+02	2.373929e+02	3.308806e+00	1.658603e+00	2.039314e+01	-1.614851e+00
106	7	7.676707e+02	1.861393e+02	9.397482e+02	2.950118e+02	3.556127e+00	1.636799e+00	1.122532e+01	-1.570659e+00
106	10	6.857055e+02	1.358436e+02	7.561075e+02	2.021822e+02	6.373061e+00	1.606178e+00	4.278819e+01	-1.617386e+00
106	11	9.720585e+02	1.829809e+02	1241	3.009171e+02	7.479411e+00	1.621206e+00	1.117083e+01	-1.597217e+00
106	13	8.236024e+02	1.760797e+02	8.946682e+02	2.044870e+02	1.358211e+01	1.679085e+00	3.955162e+01	-2.206463e+00
107	5	6.357597e+02	1.749749e+02	6.673677e+02	2.002793e+02	2.543437e+00	1.659956e+00	4.529597e+01	-1.603875e+00
107	6	6.846555e+02	1.706131e+02	7.649901e+02	2.337919e+02	3.276914e+00	1.660187e+00	2.149886e+01	-1.615971e+00
107	7	7.557945e+02	1.852025e+02	9.088141e+02	2.838768e+02	3.541877e+00	1.636586e+00	1.218914e+01	-1.572045e+00
107	10	6.830442e+02	1.369889e+02	7.503894e+02	2.012317e+02	6.321051e+00	1.604991e+00	4.405666e+01	-1.615061e+00
107	11	9.461223e+02	1.822327e+02	1.209361e+03	2.882668e+02	7.461797e+00	1.620224e+00	1.215667e+01	-1.596901e+00
107	13	8.207124e+02	1.758647e+02	8.911266e+02	2.041408e+02	1.346610e+01	1.668332e+00	3.972914e+01	-2.196724e+00
108	5	6.340897e+02	1.747629e+02	6.644588e+02	1.991897e+02	2.486983e+00	1.651321e+00	4.685207e+01	-1.603853e+00
108	6	6.805228e+02	1.707880e+02	7.559335e+02	2.305863e+02	3.253079e+00	1.661787e+00	2.260152e+01	-1.617091e+00
108	7	7.448566e+02	1.843301e+02	8.814836e+02	2.740084e+02	3.527633e+00	1.636247e+00	1.321953e+01	-1.573430e+00
108	10	6.805204e+02	1.380642e+02	7.450206e+02	2.003397e+02	6.269041e+00	1.603803e+00	4.532513e+01	-1.612736e+00
108	11	9.235424e+02	1.815810e+02	1.154745e+03	2.778796e+02	7.444182e+00	1.619243e+00	1.314252e+01	-1.596586e+00
108	13	8.178527e+02	1.756516e+02	8.876111e+02	2.037977e+02	1.335010e+01	1.657578e+00	3.990665e+01	-2.186986e+00
109	5	6.325231e+02	1.745651e+02	6.617445e+02	1.981730e+02	2.430530e+00	1.642686e+00	4.840817e+01	-1.603830e+00
109	6	6.767450e+02	1.709452e+02	7.477950e+02	2.277064e+02	3.229244e+00	1.663387e+00	2.370419e+01	-1.618212e+00
109	7	7.353369e+02	1.835710e+02	8.586126e+02	2.657476e+02	3.513389e+00	1.635908e+00	1.424991e+01	-1.574815e+00
109	10	6.781237e+02	1.390759e+02	7.399699e+02	1.995009e+02	6.217031e+00	1.602616e+00	4.659360e+01	-1.610411e+00
109	11	9.037069e+02	1.810083e+02	1.109063e+03	2.691981e+02	7.426567e+00	1.618261e+00	1.412837e+01	-1.596271e+00
109	13	8.150229e+02	1.754403e+02	8.841214e+02	2.034575e+02	1.323409e+01	1.646824e+00	4.008417e+01	-2.177248e+00
110	5	6.307902e+02	1.744847e+02	6.589195e+02	1.973227e+02	2.355630e+00	1.641041e+00	4.997351e+01	-1.603803e+00
110	6	6.728870e+02	1.710878e+02	7.398172e+02	2.249705e+02	3.195906e+00	1.664864e+00	2.486391e+01	-1.619332e+00
110	7	7.270718e+02	1.829130e+02	8.394227e+02	2.588179e+02	3.499144e+00	1.635576e+00	1.526656e+01	-1.576200e+00
110	10	6.754247e+02	1.400974e+02	7.352342e+02	1.987413e+02	6.154297e+00	1.604252e+00	4.788736e+01	-1.612599e+00
110	11	8.852510e+02	1.804339e+02	1.068325e+03	2.614462e+02	7.408958e+00	1.617145e+00	1.517001e+01	-1.595956e+00
110	13	8.122225e+02	1.752308e+02	8.806572e+02	2.031203e+02	1.311809e+01	1.636071e+00	4.026168e+01	-2.167509e+00
111	5	6.291588e+02	1.744094e+02	6.562727e+02	1.965261e+02	2.280730e+00	1.639397e+00	5.153884e+01	-1.603776e+00
111	6	6.694141e+02	1.711605e+02	7.325225e+02	2.225364e+02	3.156612e+00	1.664548e+00	2.597865e+01	-1.617895e+00
111	7	7.192785e+02	1.822832e+02	8.217943e+02	2.524271e+02	3.484907e+00	1.635081e+00	1.635928e+01	-1.577586e+00
111	10	6.728568e+02	1.410604e+02	7.307699e+02	1.980251e+02	6.091564e+00	1.605888e+00	4.918112e+01	-1.614787e+00
111	11	8.688955e+02	1.798192e+02	1.033591e+03	2.548405e+02	7.391348e+00	1.616028e+00	1.621164e+01	-1.595641e+00
111	13	8.097850e+02	1.752021e+02	8.778087e+02	2.029865e+02	1.301807e+01	1.634986e+00	4.040730e+01	-2.166372e+00
112	5	6.276202e+02	1.743386e+02	6.537877e+02	1.957783e+02	2.205831e+00	1.637752e+00	5.310418e+01	-1.603749e+00
112	6	6.662080e+02	1.712268e+02	7.258735e+02	2.203188e+02	3.117318e+00	1.664231e+00	2.709339e+01	-1.616458e+00
112	7	7.123772e+02	1.817255e+02	8.065992e+02	2.469175e+02	3.470669e+00	1.634586e+00	1.745200e+01	-1.578971e+00
112	10	6.704109e+02	1.419698e+02	7.265540e+02	1.973487e+02	6.028831e+00	1.607524e+00	5.047489e+01	-1.616975e+00
112	11	8.543011e+02	1.792889e+02	1.003623e+03	2.491441e+02	7.373739e+00	1.614911e+00	1.725327e+01	-1.595326e+00
112	13	8.073647e+02	1.751737e+02	8.749809e+02	2.028537e+02	1.291804e+01	1.633902e+00	4.055292e+01	-2.165234e+00
113	5	6.261667e+02	1.742721e+02	6.514503e+02	1.950749e+02	2.130931e+00	1.636108e+00	5.466952e+01	-1.603722e+00
113	6	6.631736e+02	1.712868e+02	7.196332e+02	2.182231e+02	3.078027e+00	1.663810e+00	2.824511e+01	-1.615021e+00
113	7	7.058439e+02	1.813229e+02	7.927090e+02	2.420873e+02	3.451187e+00	1.637210e+00	1.858483e+01	-1.580356e+00
113	10	6.680783e+02	1.428300e+02	7.225666e+02	1.967089e+02	5.966097e+00	1.609161e+00	5.176865e+01	-1.619163e+00
113	11	8.410706e+02	1.788170e+02	9.775020e+02	2.440921e+02	7.363332e+00	1.613800e+00	1.831622e+01	-1.597203e+00
113	13	8.049616e+02	1.751454e+02	8.721736e+02	2.027218e+02	1.281802e+01	1.632817e+00	4.069854e+01	-2.164096e+00
114	5	6.247914e+02	1.742094e+02	6.492475e+02	1.944120e+02	2.056031e+00	1.634463e+00	5.623485e+01	-1.603694e+00
114	6	6.603623e+02	1.713418e+02	7.139157e+02	2.163039e+02	3.038737e+00	1.663389e+00	2.939683e+01	-1.613584e+00
114	7	7.000036e+02	1.809631e+02	7.805577e+02	2.378612e+02	3.431705e+00	1.639834e+00	1.971766e+01	-1.581741e+00
114	10	6.661799e+02	1.436293e+02	7.191446e+02	1.960617e+02	5.931197e+00	1.608770e+00	5.308638e+01	-1.621351e+00
114	11	8.291481e+02	1.784032e+02	9.545943e+02	2.396616e+02	7.352924e+00	1.612688e+00	1.937918e+01	-1.599079e+00
114	13	8.025754e+02	1.751174e+02	8.693865e+02	2.025910e+02	1.271800e+01	1.631733e+00	4.084416e+01	-2.162958e+00
115	6	6.577505e+02	1.713924e+02	7.086580e+02	2.145396e+02	2.999446e+00	1.662968e+00	3.054855e+01	-1.612147e+00
115	7	6.947517e+02	1.806395e+02	7.698378e+02	2.341325e+02	3.412224e+00	1.642457e+00	2.085049e+01	-1.583127e+00
115	10	6.638963e+02	1.444079e+02	7.153175e+02	1.954295e+02	5.861188e+00	1.608299e+00	5.444342e+01	-1.623539e+00
115	11	8.183487e+02	1.780372e+02	9.343416e+02	2.357444e+02	7.342517e+00	1.611576e+00	2.044213e+01	-1.600955e+00
115	13	8.023476e+02	1.751009e+02	8.690848e+02	2.025594e+02	1.270988e+01	1.630895e+00	4.086615e+01	-2.161821e+00
116	6	6.550439e+02	1.715156e+02	7.038561e+02	2.129893e+02	2.955029e+00	1.665744e+00	3.170154e+01	-1.614720e+00
116	7	6.900035e+02	1.803231e+02	7.603106e+02	2.308183e+02	3.392742e+00	1.645081e+00	2.198332e+01	-1.584512e+00
116	10	6.617164e+02	1.451457e+02	7.116908e+02	1.948303e+02	5.791179e+00	1.607828e+00	5.580047e+01	-1.625727e+00
116	11	8.080594e+02	1.777034e+02	9.156329e+02	2.321903e+02	7.322693e+00	1.610388e+00	2.152573e+01	-1.602832e+00
116	13	8.021202e+02	1.750845e+02	8.687833e+02	2.025278e+02	1.270176e+01	1.630056e+00	4.088813e+01	-2.160683e+00
117	6	6.525164e+02	1.716297e+02	6.994129e+02	2.115547e+02	2.910612e+00	1.668521e+00	3.285453e+01	-1.617294e+00
117	7	6.851945e+02	1.799669e+02	7.511585e+02	2.277594e+02	3.358320e+00	1.646392e+00	2.313559e+01	-1.585897e+00
117	10	6.597808e+02	1.458682e+02	7.084053e+02	1.942708e+02	5.734696e+00	1.608459e+00	5.717224e+01	-1.627915e+00
117	11	7.986715e+02	1.774048e+02	8.989009e+02	2.290116e+02	7.302870e+00	1.609199e+00	2.260933e+01	-1.604708e+00
117	13	8.018931e+02	1.750681e+02	8.684822e+02	2.024963e+02	1.269364e+01	1.629218e+00	4.091012e+01	-2.159545e+00
118	6	6.501508e+02	1.717356e+02	6.952895e+02	2.102233e+02	2.866195e+00	1.671298e+00	3.400751e+01	-1.619867e+00
118	7	6.808130e+02	1.796468e+02	7.429367e+02	2.250112e+02	3.323899e+00	1.647703e+00	2.428787e+01	-1.587283e+00
118	10	6.579300e+02	1.465544e+02	7.052849e+02	1.937394e+02	5.678212e+00	1.609091e+00	5.854401e+01	-1.630103e+00
118	11	7.900718e+02	1.771361e+02	8.838482e+02	2.261520e+02	7.283047e+00	1.608011e+00	2.369293e+01	-1.606584e+00
118	13	8.016663e+02	1.750517e+02	8.681812e+02	2.024649e+02	1.268551e+01	1.628379e+00	4.093211e+01	-2.158407e+00
119	6	6.478884e+02	1.718338e+02	6.913488e+02	2.089368e+02	2.821783e+00	1.674001e+00	3.520276e+01	-1.622441e+00
119	7	6.767686e+02	1.793374e+02	7.353172e+02	2.223960e+02	3.293921e+00	1.648898e+00	2.550226e+01	-1.588668e+00
119	10	6.561587e+02	1.472069e+02	7.023176e+02	1.932340e+02	5.621729e+00	1.609722e+00	5.991579e+01	-1.632291e+00
119	11	7.818687e+02	1.768893e+02	8.698075e+02	2.235214e+02	7.256887e+00	1.606813e+00	2.479619e+01	-1.608461e+00
119	13	8.014397e+02	1.750353e+02	8.678806e+02	2.024334e+02	1.267739e+01	1.627541e+00	4.095410e+01	-2.157270e+00
120	6	6.457669e+02	1.719252e+02	6.876818e+02	2.077396e+02	2.777371e+00	1.676705e+00	3.639801e+01	-1.625015e+00
120	7	6.730706e+02	1.790578e+02	7.284349e+02	2.200336e+02	3.263943e+00	1.650093e+00	2.671666e+01	-1.590053e+00
120	10	6.544833e+02	1.474799e+02	6.992816e+02	1.923751e+02	5.561253e+00	1.581357e+00	6.132537e+01	-1.632300e+00
120	11	7.743114e+02	1.766654e+02	8.570684e+02	2.211346e+02	7.230727e+00	1.605615e+00	2.589944e+01	-1.610337e+00
120	13	8.012135e+02	1.750190e+02	8.675802e+02	2.024020e+02	1.266927e+01	1.626702e+00	4.097609e+01	-2.156132e+00
121	6	6.439599e+02	1.719457e+02	6.842510e+02	2.065365e+02	2.739356e+00	1.676155e+00	3.761437e+01	-1.625031e+00
121	7	6.696764e+02	1.788041e+02	7.221878e+02	2.178893e+02	3.233965e+00	1.651288e+00	2.793105e+01	-1.591438e+00
121	10	6.528787e+02	1.477397e+02	6.963909e+02	1.915574e+02	5.500778e+00	1.552992e+00	6.273495e+01	-1.632308e+00
121	11	7.673268e+02	1.764613e+02	8.454579e+02	2.189593e+02	7.204567e+00	1.604417e+00	2.700269e+01	-1.612213e+00
121	13	8.011664e+02	1.750385e+02	8.675058e+02	2.024229e+02	1.266565e+01	1.627783e+00	4.097573e+01	-2.154994e+00
122	6	6.422608e+02	1.719649e+02	6.810464e+02	2.054130e+02	2.701341e+00	1.675605e+00	3.883074e+01	-1.625047e+00
122	7	6.665500e+02	1.785727e+02	7.164919e+02	2.159340e+02	3.203987e+00	1.652483e+00	2.914545e+01	-1.592824e+00
122	10	6.513405e+02	1.479875e+02	6.936356e+02	1.907781e+02	5.440302e+00	1.524627e+00	6.414452e+01	-1.632317e+00
122	11	7.602048e+02	1.762593e+02	8.338529e+02	2.168265e+02	7.168274e+00	1.603051e+00	2.818708e+01	-1.614090e+00
122	13	8.011193e+02	1.750581e+02	8.674314e+02	2.024437e+02	1.266203e+01	1.628864e+00	4.097538e+01	-2.153857e+00
123	6	6.406600e+02	1.719828e+02	6.780463e+02	2.043613e+02	2.663327e+00	1.675055e+00	4.004710e+01	-1.625064e+00
123	7	6.636609e+02	1.783608e+02	7.112773e+02	2.141438e+02	3.174009e+00	1.653678e+00	3.035984e+01	-1.594209e+00
123	10	6.498138e+02	1.485632e+02	6.907658e+02	1.903536e+02	5.369808e+00	1.524208e+00	6.558718e+01	-1.630501e+00
123	11	7.540633e+02	1.762534e+02	8.237723e+02	2.151603e+02	7.133358e+00	1.608077e+00	2.929902e+01	-1.614112e+00
123	12	1.170031e+03	1.317598e+02	1241	3.407784e+02	7.079968e+00	1.632829e+00	5.744816e+00	-1.575837e+00
123	13	8.010723e+02	1.750777e+02	8.673570e+02	2.024646e+02	1.265841e+01	1.629945e+00	4.097503e+01	-2.152719e+00
124	6	6.387952e+02	1.721425e+02	6.747948e+02	2.034762e+02	2.606221e+00	1.682244e+00	4.131579e+01	-1.625080e+00
124	7	6.608797e+02	1.780739e+02	7.063514e+02	2.123915e+02	3.140194e+00	1.651131e+00	3.158715e+01	-1.595594e+00
124	10	6.483494e+02	1.491126e+02	6.880269e+02	1.899485e+02	5.299314e+00	1.523789e+00	6.702984e+01	-1.628686e+00
124	11	7.483421e+02	1.762480e+02	8.144825e+02	2.136250e+02	7.098443e+00	1.613103e+00	3.041096e+01	-1.614134e+00
124	12	1.110477e+03	1.306369e+02	1241	3.399010e+02	7.068678e+00	1.632129e+00	6.675716e+00	-1.576802e+00
124	13	8.010253e+02	1.750972e+02	8.672825e+02	2.024854e+02	1.265479e+01	1.631026e+00	4.097467e+01	-2.151581e+00
125	6	6.370367e+02	1.722922e+02	6.717463e+02	2.026465e+02	2.549116e+00	1.689433e+00	4.258449e+01	-1.625096e+00
125	7	6.582967e+02	1.778096e+02	7.018130e+02	2.107770e+02	3.106378e+00	1.648584e+00	3.281445e+01	-1.596979e+00
125	10	6.469434e+02	1.496376e+02	6.854101e+02	1.895617e+02	5.228820e+00	1.523370e+00	6.847250e+01	-1.626870e+00
125	11	7.427759e+02	1.762404e+02	8.056065e+02	2.121848e+02	7.055922e+00	1.618096e+00	3.153811e+01	-1.614156e+00
125	12	1.060431e+03	1.295525e+02	1241	3.387842e+02	7.063041e+00	1.631656e+00	7.651048e+00	-1.578794e+00
125	13	8.009784e+02	1.751168e+02	8.672079e+02	2.025063e+02	1.265117e+01	1.632107e+00	4.097432e+01	-2.150443e+00
126	6	6.353755e+02	1.724329e+02	6.688822e+02	2.018671e+02	2.492011e+00	1.696622e+00	4.385318e+01	-1.625113e+00
126	7	6.558914e+02	1.775652e+02	6.976182e+02	2.092847e+02	3.072562e+00	1.646036e+00	3.404176e+01	-1.598365e+00
126	10	6.455926e+02	1.501397e+02	6.829073e+02	1.891917e+02	5.158326e+00	1.522952e+00	6.991516e+01	-1.625054e+00
126	11	7.375708e+02	1.762334e+02	7.973844e+02	2.108509e+02	7.013402e+00	1.623089e+00	3.266526e+01	-1.614178e+00
126	12	1.019356e+03	1.284965e+02	1241	3.375668e+02	7.057405e+00	1.631183e+00	8.626380e+00	-1.580786e+00
126	13	8.009315e+02	1.751364e+02	8.671333e+02	2.025272e+02	1.264755e+01	1.633188e+00	4.097397e+01	-2.149306e+00
127	6	6.338039e+02	1.725653e+02	6.661864e+02	2.011335e+02	2.434905e+00	1.703811e+00	4.512187e+01	-1.625129e+00
127	7	6.538024e+02	1.774221e+02	6.939517e+02	2.080910e+02	3.037437e+00	1.646623e+00	3.515166e+01	-1.598385e+00
127	10	6.443121e+02	1.506369e+02	6.805027e+02	1.888232e+02	5.092401e+00	1.522392e+00	7.141259e+01	-1.623239e+00
127	11	7.324353e+02	1.759857e+02	7.895620e+02	2.093449e+02	6.965703e+00	1.617606e+00	3.381725e+01	-1.615976e+00
127	12	9.843962e+02	1.294212e+02	1241	3.305860e+02	7.051770e+00	1.630665e+00	9.621996e+00	-1.582778e+00
127	13	8.008846e+02	1.751560e+02	8.670587e+02	2.025480e+02	1.264394e+01	1.634269e+00	4.097361e+01	-2.148168e+00
128	6	6.322320e+02	1.723937e+02	6.635361e+02	2.001287e+02	2.373059e+00	1.692712e+00	4.641638e+01	-1.625145e+00
128	7	6.516985e+02	1.772660e+02	6.902327e+02	2.068462e+02	3.002323e+00	1.646903e+00	3.638517e+01	-1.598406e+00
128	10	6.430817e+02	1.511126e+02	6.782021e+02	1.884707e+02	5.026476e+00	1.521833e+00	7.291002e+01	-1.621423e+00
128	11	7.276188e+02	1.757553e+02	7.822880e+02	2.079443e+02	6.918004e+00	1.612122e+00	3.496923e+01	-1.617774e+00
128	12	9.548442e+02	1.337741e+02	1241	3.118453e+02	7.046136e+00	1.630147e+00	1.061761e+01	-1.584770e+00
128	13	8.008378e+02	1.751756e+02	8.669840e+02	2.025689e+02	1.264032e+01	1.635350e+00	4.097326e+01	-2.147030e+00
129	6	6.307419e+02	1.722319e+02	6.610357e+02	1.991809e+02	2.311213e+00	1.681614e+00	4.771090e+01	-1.625162e+00
129	7	6.497270e+02	1.771206e+02	6.867682e+02	2.056867e+02	2.967209e+00	1.647184e+00	3.761868e+01	-1.598427e+00
129	10	6.418984e+02	1.515681e+02	6.759991e+02	1.881332e+02	4.960551e+00	1.521274e+00	7.440744e+01	-1.619608e+00
129	11	7.230925e+02	1.755405e+02	7.755065e+02	2.066387e+02	6.870305e+00	1.606638e+00	3.612121e+01	-1.619572e+00
129	12	9.285470e+02	1.375084e+02	1.223528e+03	2.966249e+02	7.036448e+00	1.629558e+00	1.164695e+01	-1.586761e+00
129	13	8.007910e+02	1.751951e+02	8.669092e+02	2.025897e+02	1.263670e+01	1.636431e+00	4.097291e+01	-2.145893e+00
130	6	6.293276e+02	1.720789e+02	6.586729e+02	1.982852e+02	2.249367e+00	1.670515e+00	4.900542e+01	-1.625178e+00
130	7	6.476040e+02	1.771850e+02	6.832255e+02	2.047946e+02	2.917568e+00	1.657885e+00	3.886552e+01	-1.598447e+00
130	10	6.407597e+02	1.520047e+02	6.738874e+02	1.878098e+02	4.894626e+00	1.520715e+00	7.590487e+01	-1.617792e+00
130	11	7.189224e+02	1.758170e+02	7.689536e+02	2.058700e+02	6.825325e+00	1.624522e+00	3.730327e+01	-1.617818e+00
130	12	9.058758e+02	1.409385e+02	1.162720e+03	2.844000e+02	7.026760e+00	1.628969e+00	1.267629e+01	-1.588753e+00
130	13	8.007443e+02	1.752147e+02	8.668344e+02	2.026106e+02	1.263308e+01	1.637511e+00	4.097255e+01	-2.144755e+00
131	6	6.285066e+02	1.720660e+02	6.566904e+02	1.975284e+02	2.218452e+00	1.668124e+00	5.037758e+01	-1.620480e+00
131	7	6.456079e+02	1.772453e+02	6.799121e+02	2.039604e+02	2.867927e+00	1.668587e+00	4.011237e+01	-1.598468e+00
131	10	6.395770e+02	1.524273e+02	6.717605e+02	1.874968e+02	4.819575e+00	1.520145e+00	7.741599e+01	-1.615977e+00
131	11	7.149957e+02	1.760756e+02	7.628252e+02	2.051513e+02	6.780346e+00	1.642407e+00	3.848532e+01	-1.616064e+00
131	12	8.861290e+02	1.437550e+02	1.112811e+03	2.743654e+02	7.017072e+00	1.628380e+00	1.370563e+01	-1.590745e+00
131	13	8.004546e+02	1.750154e+02	8.664929e+02	2.023923e+02	1.262192e+01	1.626559e+00	4.099424e+01	-2.144770e+00
132	6	6.277280e+02	1.720538e+02	6.548165e+02	1.968134e+02	2.187537e+00	1.665732e+00	5.174974e+01	-1.615782e+00
132	7	6.437277e+02	1.773017e+02	6.768065e+02	2.031785e+02	2.818286e+00	1.679288e+00	4.135922e+01	-1.598489e+00
132	10	6.384375e+02	1.528329e+02	6.697190e+02	1.871964e+02	4.744524e+00	1.519575e+00	7.892711e+01	-1.614161e+00
132	11	7.112918e+02	1.763179e+02	7.570816e+02	2.044780e+02	6.735367e+00	1.660291e+00	3.966737e+01	-1.614310e+00
132	12	8.682410e+02	1.461674e+02	1.069925e+03	2.657636e+02	7.005168e+00	1.627741e+00	1.476382e+01	-1.592737e+00
132	13	8.001652e+02	1.748163e+02	8.661519e+02	2.021742e+02	1.261077e+01	1.615607e+00	4.101593e+01	-2.144785e+00
133	6	6.269885e+02	1.720422e+02	6.530424e+02	1.961368e+02	2.156622e+00	1.663341e+00	5.312190e+01	-1.611085e+00
133	7	6.420408e+02	1.769717e+02	6.739534e+02	2.020368e+02	2.775742e+00	1.668428e+00	4.264500e+01	-1.598510e+00
133	10	6.373390e+02	1.532225e+02	6.677580e+02	1.869079e+02	4.669473e+00	1.519006e+00	8.043823e+01	-1.612345e+00
133	11	7.075086e+02	1.759989e+02	7.515511e+02	2.032751e+02	6.684005e+00	1.648980e+00	4.088331e+01	-1.615585e+00
133	12	8.524475e+02	1.482051e+02	1.033712e+03	2.584998e+02	6.993265e+00	1.627101e+00	1.582200e+01	-1.594729e+00
133	13	7.998761e+02	1.746175e+02	8.658111e+02	2.019564e+02	1.259962e+01	1.604655e+00	4.103762e+01	-2.144800e+00
134	6	6.262854e+02	1.720312e+02	6.513605e+02	1.954957e+02	2.125707e+00	1.660949e+00	5.449406e+01	-1.606387e+00
134	7	6.404491e+02	1.766617e+02	6.712736e+02	2.009644e+02	2.733197e+00	1.657568e+00	4.393078e+01	-1.598530e+00
134	10	6.362792e+02	1.535971e+02	6.658727e+02	1.866307e+02	4.594422e+00	1.518436e+00	8.194935e+01	-1.610530e+00
134	11	7.039335e+02	1.756993e+02	7.463568e+02	2.021453e+02	6.632644e+00	1.637669e+00	4.209925e+01	-1.616860e+00
134	12	8.378418e+02	1.500976e+02	1.001300e+03	2.521571e+02	6.976133e+00	1.628279e+00	1.691938e+01	-1.595227e+00
134	13	7.995874e+02	1.744188e+02	8.654708e+02	2.017388e+02	1.258847e+01	1.593703e+00	4.105931e+01	-2.144815e+00
135	6	6.256160e+02	1.720209e+02	6.497636e+02	1.948873e+02	2.094792e+00	1.658558e+00	5.586622e+01	-1.601689e+00
135	7	6.389448e+02	1.763700e+02	6.687517e+02	1.999554e+02	2.690653e+00	1.646708e+00	4.521656e+01	-1.598551e+00
135	10	6.353733e+02	1.540425e+02	6.641659e+02	1.862812e+02	4.555383e+00	1.516484e+00	8.387249e+01	-1.610536e+00
135	11	7.005498e+02	1.754174e+02	7.414690e+02	2.010822e+02	6.581283e+00	1.626358e+00	4.331519e+01	-1.618135e+00
135	12	8.248194e+02	1.517278e+02	9.733868e+02	2.466964e+02	6.959001e+00	1.629456e+00	1.801676e+01	-1.595725e+00
135	13	7.992989e+02	1.742203e+02	8.651308e+02	2.015214e+02	1.257732e+01	1.582751e+00	4.108100e+01	-2.144830e+00
136	7	6.375209e+02	1.760949e+02	6.663742e+02	1.990042e+02	2.648108e+00	1.635848e+00	4.650233e+01	-1.598572e+00
136	10	6.345063e+02	1.544670e+02	6.625393e+02	1.859481e+02	4.516344e+00	1.514531e+00	8.579562e+01	-1.610542e+00
136	11	6.975877e+02	1.753083e+02	7.371494e+02	2.002492e+02	6.543261e+00	1.624205e+00	4.451064e+01	-1.619409e+00
136	12	8.131360e+02	1.531467e+02	9.490956e+02	2.419457e+02	6.941870e+00	1.630633e+00	1.911414e+01	-1.596223e+00
136	13	7.994266e+02	1.742477e+02	8.653231e+02	2.015548e+02	1.258360e+01	1.584248e+00	4.107159e+01	-2.146659e+00
137	7	6.363405e+02	1.759659e+02	6.642868e+02	1.982184e+02	2.618566e+00	1.633523e+00	4.782630e+01	-1.598587e+00
137	10	6.336756e+02	1.548720e+02	6.609874e+02	1.856304e+02	4.477305e+00	1.512579e+00	8.771875e+01	-1.610548e+00
137	11	6.947737e+02	1.752052e+02	7.330666e+02	1.994618e+02	6.505239e+00	1.622052e+00	4.570608e+01	-1.620684e+00
137	12	8.025953e+02	1.543929e+02	9.277647e+02	2.377749e+02	6.924738e+00	1.631811e+00	2.021152e+01	-1.596721e+00
137	13	7.995546e+02	1.742751e+02	8.655154e+02	2.015882e+02	1.258989e+01	1.585745e+00	4.106219e+01	-2.148488e+00
138	7	6.352217e+02	1.758440e+02	6.623155e+02	1.974764e+02	2.589024e+00	1.631197e+00	4.915026e+01	-1.598601e+00
138	10	6.328791e+02	1.552589e+02	6.595051e+02	1.853270e+02	4.438266e+00	1.510627e+00	8.964188e+01	-1.610555e+00
138	11	6.920970e+02	1.751076e+02	7.292016e+02	1.987165e+02	6.467217e+00	1.619900e+00	4.690152e+01	-1.621959e+00
138	12	7.930373e+02	1.554961e+02	9.088839e+02	2.340840e+02	6.907606e+00	1.632988e+00	2.130890e+01	-1.597219e+00
138	13	7.996827e+02	1.743025e+02	8.657076e+02	2.016215e+02	1.259618e+01	1.587242e+00	4.105279e+01	-2.150316e+00
139	7	6.341597e+02	1.757288e+02	6.604511e+02	1.967746e+02	2.559482e+00	1.628872e+00	5.047423e+01	-1.598616e+00
139	10	6.321146e+02	1.556287e+02	6.580879e+02	1.850369e+02	4.399227e+00	1.508675e+00	9.156501e+01	-1.610561e+00
139	11	6.891795e+02	1.750127e+02	7.251105e+02	1.979910e+02	6.407224e+00	1.617694e+00	4.812994e+01	-1.623234e+00
139	12	7.837982e+02	1.565186e+02	8.911225e+02	2.306380e+02	6.885155e+00	1.634052e+00	2.245953e+01	-1.597717e+00
139	13	7.998110e+02	1.743299e+02	8.658998e+02	2.016549e+02	1.260247e+01	1.588739e+00	4.104338e+01	-2.152145e+00
140	7	6.331504e+02	1.756196e+02	6.586849e+02	1.961098e+02	2.529940e+00	1.626546e+00	5.179819e+01	-1.598631e+00
140	11	6.864012e+02	1.749228e+02	7.212320e+02	1.973032e+02	6.347232e+00	1.615487e+00	4.935835e+01	-1.624508e+00
140	12	7.753819e+02	1.574312e+02	8.752702e+02	2.275630e+02	6.862704e+00	1.635116e+00	2.361016e+01	-1.598215e+00
140	13	7.999395e+02	1.743573e+02	8.660919e+02	2.016884e+02	1.260876e+01	1.590236e+00	4.103398e+01	-2.153973e+00
141	7	6.321900e+02	1.755160e+02	6.570095e+02	1.954793e+02	2.500397e+00	1.624221e+00	5.312215e+01	-1.598646e+00
141	11	6.837524e+02	1.748374e+02	7.175500e+02	1.966503e+02	6.287239e+00	1.613281e+00	5.058676e+01	-1.625783e+00
141	12	7.676430e+02	1.581270e+02	8.610242e+02	2.247045e+02	6.836772e+00	1.632485e+00	2.475177e+01	-1.598713e+00
141	13	8.000682e+02	1.743848e+02	8.662840e+02	2.017218e+02	1.261504e+01	1.591733e+00	4.102457e+01	-2.155802e+00
142	11	6.812807e+02	1.747536e+02	7.140883e+02	1.960124e+02	6.234856e+00	1.610986e+00	5.184940e+01	-1.627058e+00
142	12	7.605323e+02	1.587558e+02	8.481510e+02	2.221219e+02	6.810840e+00	1.629854e+00	2.589339e+01	-1.599211e+00
142	13	8.001970e+02	1.744122e+02	8.664760e+02	2.017552e+02	1.262133e+01	1.593230e+00	4.101517e+01	-2.157631e+00
143	11	6.789219e+02	1.746739e+02	7.107980e+02	1.954061e+02	6.182473e+00	1.608691e+00	5.311204e+01	-1.628333e+00
143	12	7.539764e+02	1.593268e+02	8.364614e+02	2.197770e+02	6.784908e+00	1.627223e+00	2.703500e+01	-1.599709e+00
143	13	8.003260e+02	1.744397e+02	8.666680e+02	2.017887e+02	1.262762e+01	1.594727e+00	4.100576e+01	-2.159459e+00
144	11	6.766687e+02	1.745981e+02	7.076666e+02	1.948291e+02	6.130090e+00	1.606395e+00	5.437468e+01	-1.629608e+00
144	12	7.478517e+02	1.599148e+02	8.255563e+02	2.176225e+02	6.762461e+00	1.626346e+00	2.821399e+01	-1.599655e+00
144	13	8.004552e+02	1.744671e+02	8.668599e+02	2.018221e+02	1.263391e+01	1.596223e+00	4.099636e+01	-2.161288e+00
145	11	6.744969e+02	1.745252e+02	7.046559e+02	1.942729e+02	6.077709e+00	1.604079e+00	5.565253e+01	-1.630882e+00
145	12	7.418229e+02	1.604671e+02	8.150785e+02	2.155961e+02	6.730891e+00	1.625414e+00	2.942950e+01	-1.599602e+00
145	13	8.005846e+02	1.744946e+02	8.670517e+02	2.018556e+02	1.264020e+01	1.597720e+00	4.098696e+01	-2.163116e+00
146	11	6.724190e+02	1.744556e+02	7.017855e+02	1.937427e+02	6.025327e+00	1.601762e+00	5.693039e+01	-1.632157e+00
146	12	7.362401e+02	1.609722e+02	8.054959e+02	2.137432e+02	6.699320e+00	1.624482e+00	3.064501e+01	-1.599549e+00
146	13	8.002369e+02	1.747144e+02	8.666114e+02	2.020663e+02	1.262419e+01	1.609936e+00	4.100769e+01	-2.161318e+00
147	11	6.704293e+02	1.743892e+02	6.990458e+02	1.932366e+02	5.972946e+00	1.599445e+00	5.820824e+01	-1.633432e+00
147	12	7.310555e+02	1.614360e+02	7.966984e+02	2.120424e+02	6.667749e+00	1.623551e+00	3.186051e+01	-1.599495e+00
147	13	7.998897e+02	1.749339e+02	8.661714e+02	2.022768e+02	1.260817e+01	1.622152e+00	4.102842e+01	-2.159520e+00
148	11	6.685253e+02	1.743126e+02	6.961961e+02	1.927280e+02	5.915060e+00	1.596093e+00	5.952245e+01	-1.630268e+00
148	12	7.262281e+02	1.618633e+02	7.885933e+02	2.104757e+02	6.636179e+00	1.622619e+00	3.307602e+01	-1.599442e+00
148	13	7.995430e+02	1.751533e+02	8.657317e+02	2.024871e+02	1.259216e+01	1.634367e+00	4.104916e+01	-2.157721e+00
149	11	6.667012e+02	1.742394e+02	6.934734e+02	1.922422e+02	5.857175e+00	1.592741e+00	6.083666e+01	-1.627104e+00
149	12	7.217221e+02	1.622583e+02	7.811021e+02	2.090279e+02	6.604608e+00	1.621687e+00	3.429153e+01	-1.599389e+00
149	13	7.991967e+02	1.753725e+02	8.652923e+02	2.026971e+02	1.257615e+01	1.646583e+00	4.106989e+01	-2.155923e+00
150	11	6.649521e+02	1.741694e+02	6.908694e+02	1.917778e+02	5.799289e+00	1.589389e+00	6.215087e+01	-1.623940e+00
150	12	7.173376e+02	1.626202e+02	7.739927e+02	2.077027e+02	6.561880e+00	1.620781e+00	3.549144e+01	-1.599335e+00
150	13	7.988509e+02	1.755915e+02	8.648531e+02	2.029069e+02	1.256014e+01	1.658798e+00	4.109062e+01	-2.154124e+00
151	11	6.632734e+02	1.741024e+02	6.883765e+02	1.913333e+02	5.741403e+00	1.586037e+00	6.346508e+01	-1.620776e+00
151	12	7.132236e+02	1.629570e+02	7.673779e+02	2.064699e+02	6.519151e+00	1.619875e+00	3.669136e+01	-1.599282e+00
151	13	7.980064e+02	1.752772e+02	8.638354e+02	2.025512e+02	1.252316e+01	1.641541e+00	4.114297e+01	-2.152326e+00
152	11	6.616609e+02	1.740382e+02	6.859877e+02	1.909074e+02	5.683518e+00	1.582685e+00	6.477929e+01	-1.617611e+00
152	12	7.093557e+02	1.632711e+02	7.612076e+02	2.053200e+02	6.476423e+00	1.618969e+00	3.789128e+01	-1.599229e+00
152	13	7.971641e+02	1.749636e+02	8.628201e+02	2.021963e+02	1.248619e+01	1.624283e+00	4.119532e+01	-2.150527e+00
153	12	7.057125e+02	1.635649e+02	7.554387e+02	2.042451e+02	6.433694e+00	1.618063e+00	3.909119e+01	-1.599175e+00
153	13	7.963241e+02	1.746509e+02	8.618072e+02	2.018424e+02	1.244921e+01	1.607025e+00	4.124766e+01	-2.148729e+00
154	12	7.022558e+02	1.638981e+02	7.500889e+02	2.032664e+02	6.396562e+00	1.619866e+00	4.031984e+01	-1.600591e+00
154	13	7.954863e+02	1.743389e+02	8.607967e+02	2.014894e+02	1.241223e+01	1.589768e+00	4.130001e+01	-2.146931e+00
155	12	6.989929e+02	1.642105e+02	7.450734e+02	2.023489e+02	6.359430e+00	1.621670e+00	4.154849e+01	-1.602007e+00
155	13	7.946509e+02	1.740276e+02	8.597885e+02	2.011373e+02	1.237526e+01	1.572510e+00	4.135236e+01	-2.145132e+00
156	12	6.959081e+02	1.645040e+02	7.403619e+02	2.014869e+02	6.322297e+00	1.623473e+00	4.277714e+01	-1.603422e+00
156	13	7.926984e+02	1.743562e+02	8.575424e+02	2.013808e+02	1.229484e+01	1.591122e+00	4.148497e+01	-2.146335e+00
157	12	6.929872e+02	1.647803e+02	7.359275e+02	2.006757e+02	6.285165e+00	1.625276e+00	4.400579e+01	-1.604838e+00
157	13	7.907580e+02	1.746826e+02	8.553111e+02	2.016226e+02	1.221443e+01	1.609733e+00	4.161759e+01	-2.147537e+00
158	12	6.902174e+02	1.650408e+02	7.317464e+02	1.999107e+02	6.248033e+00	1.627080e+00	4.523444e+01	-1.606253e+00
158	13	7.888294e+02	1.750069e+02	8.530945e+02	2.018628e+02	1.213401e+01	1.628345e+00	4.175021e+01	-2.148740e+00
159	12	6.873651e+02	1.652858e+02	7.275616e+02	1.991942e+02	6.194926e+00	1.628919e+00	4.645396e+01	-1.607669e+00
159	13	7.869126e+02	1.753290e+02	8.508924e+02	2.021014e+02	1.205360e+01	1.646957e+00	4.188283e+01	-2.149943e+00
160	12	6.846522e+02	1.655177e+02	7.236013e+02	1.985162e+02	6.141819e+00	1.630758e+00	4.767349e+01	-1.609085e+00
160	13	7.850074e+02	1.756490e+02	8.487048e+02	2.023384e+02	1.197318e+01	1.665568e+00	4.201545e+01	-2.151145e+00
161	12	6.820686e+02	1.657375e+02	7.198481e+02	1.978736e+02	6.088713e+00	1.632597e+00	4.889301e+01	-1.610500e+00
161	13	7.819648e+02	1.754655e+02	8.451977e+02	2.020105e+02	1.184294e+01	1.655927e+00	4.222787e+01	-2.152348e+00
162	12	6.796054e+02	1.659461e+02	7.162860e+02	1.972637e+02	6.035606e+00	1.634436e+00	5.011254e+01	-1.611916e+00
162	13	7.789516e+02	1.752839e+02	8.417270e+02	2.016859e+02	1.171269e+01	1.646285e+00	4.244029e+01	-2.153551e+00
163	12	6.772543e+02	1.661443e+02	7.129008e+02	1.966841e+02	5.982499e+00	1.636276e+00	5.133206e+01	-1.613332e+00
163	13	7.759675e+02	1.751042e+02	8.382919e+02	2.013648e+02	1.158245e+01	1.636643e+00	4.265271e+01	-2.154753e+00
164	12	6.750078e+02	1.663329e+02	7.096797e+02	1.961326e+02	5.929392e+00	1.638115e+00	5.255158e+01	-1.614747e+00
164	13	7.730119e+02	1.749263e+02	8.348921e+02	2.010469e+02	1.145220e+01	1.627002e+00	4.286512e+01	-2.155956e+00
165	12	6.728592e+02	1.665126e+02	7.066109e+02	1.956071e+02	5.876286e+00	1.639954e+00	5.377111e+01	-1.616163e+00
165	13	7.700846e+02	1.747502e+02	8.315269e+02	2.007324e+02	1.132196e+01	1.617360e+00	4.307754e+01	-2.157159e+00
166	12	6.708020e+02	1.666840e+02	7.036841e+02	1.951059e+02	5.823179e+00	1.641793e+00	5.499063e+01	-1.617579e+00
166	13	7.668178e+02	1.748452e+02	8.273262e+02	2.006699e+02	1.116827e+01	1.623630e+00	4.334525e+01	-2.141533e+00
167	12	6.688308e+02	1.668477e+02	7.008894e+02	1.946274e+02	5.770072e+00	1.643633e+00	5.621016e+01	-1.618994e+00
167	13	7.636004e+02	1.749391e+02	8.231661e+02	2.006079e+02	1.101458e+01	1.629900e+00	4.361295e+01	-2.125907e+00
168	12	6.669401e+02	1.670041e+02	6.982182e+02	1.941700e+02	5.716965e+00	1.645472e+00	5.742968e+01	-1.620410e+00
168	13	7.604314e+02	1.750322e+02	8.190460e+02	2.005466e+02	1.086089e+01	1.636171e+00	4.388065e+01	-2.110281e+00
169	12	6.650964e+02	1.671042e+02	6.954890e+02	1.936515e+02	5.662327e+00	1.642885e+00	5.871565e+01	-1.619809e+00
169	13	7.573098e+02	1.751242e+02	8.149652e+02	2.004858e+02	1.070720e+01	1.642441e+00	4.414836e+01	-2.094655e+00
170	12	6.633290e+02	1.671997e+02	6.928810e+02	1.931560e+02	5.607689e+00	1.640298e+00	6.000162e+01	-1.619208e+00
170	13	7.535464e+02	1.750214e+02	8.100730e+02	2.001727e+02	1.052883e+01	1.637379e+00	4.451055e+01	-2.079029e+00
171	12	6.616332e+02	1.672912e+02	6.903865e+02	1.926822e+02	5.553050e+00	1.637712e+00	6.128759e+01	-1.618607e+00
171	13	7.498522e+02	1.749204e+02	8.052497e+02	1.998647e+02	1.035047e+01	1.632316e+00	4.487274e+01	-2.063403e+00
172	12	6.600048e+02	1.673787e+02	6.879981e+02	1.922286e+02	5.498412e+00	1.635125e+00	6.257356e+01	-1.618006e+00
172	13	7.462254e+02	1.748209e+02	8.004939e+02	1.995615e+02	1.017211e+01	1.627254e+00	4.523493e+01	-2.047777e+00
173	12	6.584398e+02	1.674626e+02	6.857093e+02	1.917939e+02	5.443773e+00	1.632538e+00	6.385953e+01	-1.617405e+00
173	13	7.426642e+02	1.747231e+02	7.958042e+02	1.992631e+02	9.993743e+00	1.622192e+00	4.559713e+01	-2.032151e+00
174	12	6.569346e+02	1.675431e+02	6.835139e+02	1.913770e+02	5.389135e+00	1.629951e+00	6.514550e+01	-1.616804e+00
174	13	7.388835e+02	1.746244e+02	7.908329e+02	1.989448e+02	9.803974e+00	1.617070e+00	4.599926e+01	-2.016525e+00
175	12	6.554859e+02	1.676203e+02	6.814063e+02	1.909768e+02	5.334497e+00	1.627364e+00	6.643147e+01	-1.616203e+00
175	13	7.351759e+02	1.745274e+02	7.859390e+02	1.986321e+02	9.614205e+00	1.611948e+00	4.640139e+01	-2.000899e+00
176	12	6.540905e+02	1.676945e+02	6.793814e+02	1.905924e+02	5.279858e+00	1.624778e+00	6.771744e+01	-1.615602e+00
176	13	7.314634e+02	1.747040e+02	7.810823e+02	1.985706e+02	9.431713e+00	1.624111e+00	4.685699e+01	-1.988247e+00
177	12	6.527455e+02	1.677659e+02	6.774343e+02	1.902228e+02	5.225220e+00	1.622191e+00	6.900341e+01	-1.615001e+00
177	13	7.278267e+02	1.748772e+02	7.763142e+02	1.985103e+02	9.249220e+00	1.636274e+00	4.731260e+01	-1.975595e+00
178	12	6.514483e+02	1.678346e+02	6.755608e+02	1.898671e+02	5.170581e+00	1.619604e+00	7.028938e+01	-1.614400e+00
178	13	7.242635e+02	1.750473e+02	7.716323e+02	1.984511e+02	9.066727e+00	1.648437e+00	4.776821e+01	-1.962943e+00
179	13	7.209756e+02	1.752111e+02	7.672101e+02	1.983695e+02	8.904523e+00	1.660531e+00	4.826438e+01	-1.950291e+00
180	13	7.177582e+02	1.753716e+02	7.628738e+02	1.982895e+02	8.742319e+00	1.672625e+00	4.876055e+01	-1.937639e+00
181	13	7.146092e+02	1.755290e+02	7.586207e+02	1.982110e+02	8.580114e+00	1.684719e+00	4.925672e+01	-1.924987e+00
182	13	7.116141e+02	1.755881e+02	7.545650e+02	1.980504e+02	8.420374e+00	1.690329e+00	4.972633e+01	-1.912334e+00
183	13	7.086784e+02	1.756460e+02	7.505812e+02	1.978927e+02	8.260633e+00	1.695939e+00	5.019595e+01	-1.899682e+00
184	13	7.058004e+02	1.757030e+02	7.466675e+02	1.977380e+02	8.100893e+00	1.701549e+00	5.066556e+01	-1.887030e+00
185	13	7.029785e+02	1.757590e+02	7.428220e+02	1.975861e+02	7.941152e+00	1.707159e+00	5.113517e+01	-1.874378e+00
185	14	4.854334e+02	1.681171e+02	5.095101e+02	1.920387e+02	-1.224773e+01	2.039873e+00	7.884387e+01	1.482161e+00
186	13	7.002308e+02	1.771877e+02	7.389329e+02	1.987235e+02	7.812970e+00	1.809596e+00	5.183184e+01	-1.862902e+00
186	14	4.839813e+02	1.688623e+02	5.084529e+02	1.931256e+02	-1.221719e+01	2.124337e+00	7.778173e+01	1.481604e+00
187	13	6.975575e+02	1.785783e+02	7.351453e+02	1.998294e+02	7.684787e+00	1.912034e+00	5.252851e+01	-1.851425e+00
187	14	4.824874e+02	1.696288e+02	5.073676e+02	1.942439e+02	-1.218665e+01	2.208801e+00	7.671959e+01	1.481047e+00
188	13	6.949559e+02	1.799321e+02	7.314553e+02	2.009052e+02	7.556605e+00	2.014471e+00	5.322517e+01	-1.839948e+00
188	14	4.809498e+02	1.704177e+02	5.062529e+02	1.953949e+02	-1.215611e+01	2.293265e+00	7.565744e+01	1.480490e+00
189	13	6.924230e+02	1.812506e+02	7.278590e+02	2.019519e+02	7.428422e+00	2.116909e+00	5.392183e+01	-1.828472e+00
189	14	4.793666e+02	1.712299e+02	5.051077e+02	1.965800e+02	-1.212557e+01	2.377729e+00	7.459530e+01	1.479934e+00
190	13	6.892736e+02	1.813307e+02	7.236928e+02	2.017957e+02	7.236497e+00	2.129581e+00	5.452260e+01	-1.816995e+00
190	14	4.777358e+02	1.720664e+02	5.039307e+02	1.978008e+02	-1.209503e+01	2.462193e+00	7.353316e+01	1.479377e+00
191	13	6.861944e+02	1.814090e+02	7.196158e+02	2.016429e+02	7.044572e+00	2.142254e+00	5.512337e+01	-1.805519e+00
191	14	4.745610e+02	1.723817e+02	5.015541e+02	1.985133e+02	-1.219619e+01	2.493776e+00	7.246307e+01	1.482643e+00
192	13	6.831832e+02	1.814856e+02	7.156250e+02	2.014934e+02	6.852646e+00	2.154927e+00	5.572414e+01	-1.794042e+00
192	14	4.712873e+02	1.727068e+02	4.991087e+02	1.992480e+02	-1.229734e+01	2.525359e+00	7.139298e+01	1.485909e+00
193	13	6.794306e+02	1.822268e+02	7.110816e+02	2.020509e+02	6.596587e+00	2.218150e+00	5.625998e+01	-1.787275e+00
193	14	4.679102e+02	1.730423e+02	4.965917e+02	2.000059e+02	-1.239849e+01	2.556941e+00	7.032288e+01	1.489176e+00
194	13	6.757485e+02	1.829171e+02	7.066245e+02	2.025974e+02	6.340528e+00	2.281373e+00	5.679582e+01	-1.780508e+00
194	14	4.644244e+02	1.733886e+02	4.939997e+02	2.007883e+02	-1.249965e+01	2.588524e+00	6.925279e+01	1.492442e+00
195	13	6.721349e+02	1.835950e+02	7.022512e+02	2.031333e+02	6.084469e+00	2.344596e+00	5.733166e+01	-1.773741e+00
195	14	4.608249e+02	1.737463e+02	4.913294e+02	2.015962e+02	-1.260080e+01	2.620107e+00	6.818270e+01	1.495709e+00
196	13	6.685879e+02	1.842607e+02	6.979595e+02	2.036589e+02	5.828410e+00	2.407819e+00	5.786751e+01	-1.766974e+00
196	14	4.567128e+02	1.748398e+02	4.881831e+02	2.031498e+02	-1.274169e+01	2.716285e+00	6.712910e+01	1.498509e+00
197	13	6.651056e+02	1.849147e+02	6.937469e+02	2.041744e+02	5.572350e+00	2.471042e+00	5.840335e+01	-1.760207e+00
197	14	4.524639e+02	1.759698e+02	4.849404e+02	2.047550e+02	-1.288259e+01	2.812463e+00	6.607550e+01	1.501310e+00
198	13	6.622034e+02	1.858506e+02	6.902073e+02	2.050268e+02	5.352269e+00	2.557153e+00	5.883743e+01	-1.753440e+00
198	14	4.480714e+02	1.771382e+02	4.815968e+02	2.064146e+02	-1.302348e+01	2.908642e+00	6.502190e+01	1.504110e+00
199	13	6.593439e+02	1.867732e+02	6.867194e+02	2.058662e+02	5.132187e+00	2.643265e+00	5.927151e+01	-1.746672e+00
199	14	4.429991e+02	1.768772e+02	4.776742e+02	2.066658e+02	-1.320517e+01	2.880085e+00	6.395127e+01	1.506911e+00
200	13	6.553002e+02	1.866666e+02	6.820225e+02	2.056360e+02	4.803134e+00	2.641210e+00	5.963045e+01	-1.739905e+00
200	14	4.377462e+02	1.766067e+02	4.736236e+02	2.069259e+02	-1.338686e+01	2.851528e+00	6.288064e+01	1.509711e+00
201	13	6.513051e+02	1.865612e+02	6.773817e+02	2.054087e+02	4.474081e+00	2.639155e+00	5.998940e+01	-1.733138e+00
201	14	4.323029e+02	1.763265e+02	4.694386e+02	2.071955e+02	-1.356854e+01	2.822972e+00	6.181000e+01	1.512512e+00
202	13	6.473500e+02	1.857773e+02	6.727877e+02	2.044613e+02	4.144409e+00	2.578512e+00	6.034895e+01	-1.726371e+00
202	14	4.266587e+02	1.760359e+02	4.651124e+02	2.074750e+02	-1.375023e+01	2.794415e+00	6.073937e+01	1.515312e+00
203	13	6.437316e+02	1.847370e+02	6.697143e+02	2.032247e+02	3.889815e+00	2.494837e+00	6.073917e+01	-1.750421e+00
203	14	4.225121e+02	1.750038e+02	4.622287e+02	2.070694e+02	-1.378064e+01	2.708096e+00	5.960398e+01	1.518113e+00
204	13	6.401624e+02	1.837100e+02	6.666759e+02	2.020035e+02	3.635220e+00	2.411161e+00	6.112938e+01	-1.774470e+00
204	14	4.181966e+02	1.739296e+02	4.592379e+02	2.066472e+02	-1.381105e+01	2.621778e+00	5.846858e+01	1.520913e+00
205	13	6.381693e+02	1.824222e+02	6.641800e+02	2.005388e+02	3.464031e+00	2.303113e+00	6.145137e+01	-1.767569e+00
205	14	4.137017e+02	1.728105e+02	4.561341e+02	2.062075e+02	-1.384145e+01	2.535459e+00	5.733318e+01	1.523714e+00
206	13	6.361974e+02	1.811066e+02	6.617096e+02	1.990899e+02	3.292842e+00	2.195064e+00	6.177337e+01	-1.760668e+00
206	14	4.103615e+02	1.720768e+02	4.543068e+02	2.061363e+02	-1.378270e+01	2.481058e+00	5.626962e+01	1.530119e+00
207	13	6.357246e+02	1.805681e+02	6.613036e+02	1.984590e+02	3.271577e+00	2.153473e+00	6.207583e+01	-1.766639e+00
207	14	4.068873e+02	1.713131e+02	4.524114e+02	2.060622e+02	-1.372395e+01	2.426657e+00	5.520606e+01	1.536524e+00
208	13	6.352566e+02	1.800350e+02	6.609012e+02	1.978344e+02	3.250312e+00	2.111882e+00	6.237829e+01	-1.772611e+00
208	14	4.032709e+02	1.705176e+02	4.504440e+02	2.059849e+02	-1.366520e+01	2.372256e+00	5.414250e+01	1.542928e+00
209	13	6.362834e+02	1.795259e+02	6.613553e+02	1.973741e+02	3.305018e+00	2.067039e+00	6.220156e+01	-1.753483e+00
209	14	4.026101e+02	1.703115e+02	4.504075e+02	2.065136e+02	-1.342650e+01	2.361319e+00	5.310401e+01	1.538283e+00
210	13	6.373196e+02	1.790135e+02	6.618076e+02	1.969110e+02	3.359724e+00	2.022196e+00	6.202483e+01	-1.734354e+00
210	14	4.019218e+02	1.700967e+02	4.503691e+02	2.070648e+02	-1.318780e+01	2.350382e+00	5.206552e+01	1.533638e+00
211	13	6.422806e+02	1.790688e+02	6.659112e+02	1.968455e+02	3.774905e+00	2.029905e+00	6.242870e+01	-1.708688e+00
211	14	4.012043e+02	1.698728e+02	4.503288e+02	2.076397e+02	-1.294910e+01	2.339445e+00	5.102703e+01	1.528993e+00
212	13	6.479937e+02	1.791140e+02	6.708108e+02	1.967711e+02	4.262564e+00	2.036808e+00	6.283257e+01	-1.683022e+00
212	14	4.030202e+02	1.702704e+02	4.528852e+02	2.087821e+02	-1.255909e+01	2.369329e+00	5.009774e+01	1.530084e+00
213	13	6.536388e+02	1.791587e+02	6.756418e+02	1.966973e+02	4.750222e+00	2.043711e+00	6.323644e+01	-1.657355e+00
213	14	4.093500e+02	1.706168e+02	4.594913e+02	2.099158e+02	-1.188008e+01	2.394940e+00	4.915321e+01	1.531175e+00
214	13	6.632958e+02	1.791331e+02	6.846689e+02	1.965201e+02	5.616387e+00	2.045659e+00	6.376108e+01	-1.631689e+00
214	14	4.126663e+02	1.709813e+02	4.670176e+02	2.111970e+02	-1.125053e+01	2.420425e+00	4.807558e+01	1.578122e+00
215	13	6.728001e+02	1.791079e+02	6.935431e+02	1.963456e+02	6.482551e+00	2.047607e+00	6.428572e+01	-1.606023e+00
215	14	4.209564e+02	1.713521e+02	4.760079e+02	2.123324e+02	-1.048404e+01	2.445260e+00	4.722611e+01	1.587761e+00
216	13	6.865308e+02	1.778242e+02	7.070980e+02	1.950266e+02	7.711977e+00	1.936693e+00	6.439938e+01	-1.582371e+00
216	14	4.320584e+02	1.701283e+02	4.877228e+02	2.119481e+02	-9.550218e+00	2.373250e+00	4.632859e+01	1.599444e+00
217	13	7.010819e+02	1.763407e+02	7.215225e+02	1.935087e+02	9.021374e+00	1.808054e+00	6.451413e+01	-1.558720e+00
217	14	4.436251e+02	1.688524e+02	4.998767e+02	2.115476e+02	-8.616398e+00	2.301239e+00	4.543106e+01	1.611126e+00
218	13	7.197190e+02	1.756135e+02	7.402701e+02	1.927492e+02	1.071091e+01	1.744865e+00	6.462372e+01	-1.535068e+00
218	14	4.590360e+02	1.674289e+02	5.163141e+02	2.110709e+02	-7.454443e+00	2.224060e+00	4.449550e+01	1.633145e+00
219	13	7.390720e+02	1.743184e+02	7.597806e+02	1.914235e+02	1.247202e+01	1.631921e+00	6.473123e+01	-1.511416e+00
219	14	4.751482e+02	1.659389e+02	5.334226e+02	2.105719e+02	-6.292487e+00	2.146882e+00	4.355994e+01	1.655164e+00
220	13	7.583602e+02	1.730272e+02	7.792269e+02	1.901030e+02	1.423313e+01	1.518977e+00	6.483875e+01	-1.487765e+00
220	14	4.920086e+02	1.643778e+02	5.512462e+02	2.100490e+02	-5.130531e+00	2.069703e+00	4.262438e+01	1.677183e+00
221	14	5.122786e+02	1.629540e+02	5.732431e+02	2.097314e+02	-3.791583e+00	2.004124e+00	4.166407e+01	1.712152e+00
222	14	5.335583e+02	1.614577e+02	5.962342e+02	2.093957e+02	-2.452634e+00	1.938545e+00	4.070376e+01	1.747122e+00
223	14	5.558852e+02	1.598423e+02	6.204299e+02	2.091429e+02	-1.107362e+00	1.872809e+00	3.963569e+01	1.782091e+00
224	14	5.795076e+02	1.581305e+02	6.459171e+02	2.088730e+02	2.379100e-01	1.807073e+00	3.856762e+01	1.817060e+00
225	14	6.045330e+02	1.563139e+02	6.728090e+02	2.086169e+02	1.583182e+00	1.741337e+00	3.749954e+01	1.852029e+00
226	14	6.308836e+02	1.567013e+02	7.011785e+02	2.108953e+02	2.912586e+00	1.785687e+00	3.630562e+01	1.885852e+00
227	14	6.590939e+02	1.571205e+02	7.314201e+02	2.133411e+02	4.241991e+00	1.830038e+00	3.511170e+01	1.919675e+00
228	14	6.893573e+02	1.575747e+02	7.637343e+02	2.159727e+02	5.571395e+00	1.874388e+00	3.391778e+01	1.953497e+00
229	14	7.184372e+02	1.542704e+02	7.972273e+02	2.152871e+02	6.770478e+00	1.765551e+00	3.258686e+01	2.001969e+00
230	14	7.500615e+02	1.506633e+02	8.335280e+02	2.145281e+02	7.969561e+00	1.656714e+00	3.125595e+01	2.050441e+00
231	14	7.845535e+02	1.467117e+02	8.730268e+02	2.136855e+02	9.168644e+00	1.547877e+00	2.992503e+01	2.098913e+00
232	14	8.186485e+02	1.438850e+02	9.124989e+02	2.146689e+02	1.017358e+01	1.499035e+00	2.845379e+01	2.140295e+00
233	14	8.565305e+02	1.407257e+02	9.562241e+02	2.157631e+02	1.117852e+01	1.450192e+00	2.698256e+01	2.181676e+00
234	14	8.988398e+02	1.371719e+02	1.004952e+03	2.169885e+02	1.218346e+01	1.401350e+00	2.551132e+01	2.223058e+00
235	14	9.463696e+02	1.331456e+02	1.059621e+03	2.183711e+02	1.318839e+01	1.352507e+00	2.404009e+01	2.264439e+00
236	14	9.915587e+02	1.288470e+02	1.115878e+03	2.207048e+02	1.390762e+01	1.317551e+00	2.246138e+01	2.313699e+00
237	14	1.043558e+03	1.238440e+02	1.180712e+03	2.234150e+02	1.462685e+01	1.282594e+00	2.088267e+01	2.362959e+00
238	14	1.103968e+03	1.179484e+02	1241	2.266020e+02	1.534608e+01	1.247638e+00	1.930397e+01	2.412219e+00
239	14	1.174935e+03	1.147110e+02	1241	2.281164e+02	1.606531e+01	1.212682e+00	1.772526e+01	2.461479e+00
241	15	0	1.564232e+02	2.227181e+01	2.085508e+02	-3.591586e+01	2.059370e+00	3.972190e+01	1.150683e+00
242	15	0	1.545697e+02	6.132137e+01	2.130481e+02	-3.424733e+01	2.145171e+00	4.042018e+01	1.190455e+00
243	15	0	1.544169e+02	9.661436e+01	2.159146e+02	-3.259148e+01	2.208187e+00	4.095396e+01	1.225602e+00
244	15	0	1.559203e+02	1.310075e+02	2.174442e+02	-3.093564e+01	2.271204e+00	4.148775e+01	1.260749e+00
245	15	2.574003e+01	1.563203e+02	1.604298e+02	2.176477e+02	-2.936407e+01	2.286886e+00	4.171746e+01	1.295896e+00
246	15	5.659775e+01	1.567096e+02	1.894919e+02	2.177303e+02	-2.779250e+01	2.302569e+00	4.194716e+01	1.331043e+00
247	15	8.157391e+01	1.584515e+02	2.146404e+02	2.195745e+02	-2.632948e+01	2.391771e+00	4.194018e+01	1.366190e+00
248	15	1.066667e+02	1.602067e+02	2.397363e+02	2.214113e+02	-2.486645e+01	2.480974e+00	4.193320e+01	1.401337e+00
249	15	1.292333e+02	1.620337e+02	2.628622e+02	2.233327e+02	-2.352168e+01	2.573451e+00	4.190649e+01	1.436484e+00
250	15	1.491496e+02	1.603987e+02	2.821632e+02	2.221141e+02	-2.225181e+01	2.495260e+00	4.166089e+01	1.457834e+00
251	15	1.647683e+02	1.588249e+02	2.982745e+02	2.210087e+02	-2.119220e+01	2.421833e+00	4.138901e+01	1.479183e+00
252	15	1.725333e+02	1.574332e+02	3.097857e+02	2.204897e+02	-2.037391e+01	2.363301e+00	4.089592e+01	1.504513e+00
253	15	1.805696e+02	1.560011e+02	3.215199e+02	2.199520e+02	-1.955561e+01	2.304770e+00	4.040284e+01	1.529842e+00
254	15	1.842944e+02	1.537511e+02	3.284402e+02	2.188455e+02	-1.894656e+01	2.212772e+00	3.979137e+01	1.543231e+00
255	15	1.821222e+02	1.521848e+02	3.307038e+02	2.187165e+02	-1.856697e+01	2.159917e+00	3.905559e+01	1.552079e+00
256	15	1.798611e+02	1.505470e+02	3.330394e+02	2.185811e+02	-1.818737e+01	2.107062e+00	3.831980e+01	1.560927e+00
257	15	1.713531e+02	1.507097e+02	3.293547e+02	2.205841e+02	-1.806585e+01	2.140656e+00	3.746490e+01	1.558127e+00
258	15	1.623718e+02	1.508814e+02	3.255216e+02	2.226988e+02	-1.794433e+01	2.174250e+00	3.660999e+01	1.555327e+00
259	15	1.479924e+02	1.480966e+02	3.190112e+02	2.221708e+02	-1.795297e+01	2.087501e+00	3.567006e+01	1.556066e+00
260	15	1.326791e+02	1.451308e+02	3.121990e+02	2.216085e+02	-1.796160e+01	2.000752e+00	3.473013e+01	1.556806e+00
261	15	1.163379e+02	1.419657e+02	3.050633e+02	2.210084e+02	-1.797024e+01	1.914003e+00	3.379019e+01	1.557546e+00
262	15	9.781022e+01	1.414804e+02	2.969147e+02	2.233135e+02	-1.800881e+01	1.936620e+00	3.283692e+01	1.558286e+00
263	15	7.792896e+01	1.409595e+02	2.883539e+02	2.257872e+02	-1.804738e+01	1.959237e+00	3.188365e+01	1.559026e+00
264	15	5.654021e+01	1.403992e+02	2.793489e+02	2.284488e+02	-1.808596e+01	1.981854e+00	3.093038e+01	1.559766e+00
265	15	3.396043e+01	1.365631e+02	2.701892e+02	2.280761e+02	-1.810901e+01	1.896052e+00	2.997842e+01	1.560506e+00
266	15	9.530830e+00	1.324123e+02	2.605290e+02	2.276728e+02	-1.813207e+01	1.810250e+00	2.902646e+01	1.561246e+00
267	15	0	1.279067e+02	2.503259e+02	2.270491e+02	-1.815512e+01	1.724448e+00	2.807450e+01	1.561986e+00
268	15	0	1.229986e+02	2.395330e+02	2.262551e+02	-1.817817e+01	1.638646e+00	2.712254e+01	1.562726e+00
269	15	0	1.176316e+02	2.280976e+02	2.253896e+02	-1.820122e+01	1.552844e+00	2.617059e+01	1.563466e+00
