0 1.000000000 0.000000000 0.000000000 -0.000000000 0.000000000 1.000000000 0.000000000 -0.000000000 -0.000000000 -0.000000000 1.000000000 -0.000000001 0.000000000 0.000000000 0.000000000 1.000000000
1 0.999999994 0.000071361 0.000077386 -0.000511140 -0.000071358 0.999999996 -0.000047358 -0.000967001 -0.000077389 0.000047352 0.999999996 -0.000251464 0.000000000 0.000000000 0.000000000 1.000000000
2 0.999999995 0.000070229 0.000068979 -0.001459629 -0.000070226 0.999999997 -0.000031583 -0.001508694 -0.000068981 0.000031579 0.999999997 -0.000020432 0.000000000 0.000000000 0.000000000 1.000000000
3 0.999999994 0.000045182 0.000097210 -0.002066512 -0.000045179 0.999999999 -0.000028053 -0.001727311 -0.000097211 0.000028049 0.999999995 -0.000367729 0.000000000 0.000000000 0.000000000 1.000000000
4 0.999999997 0.000067051 0.000031397 -0.002918334 -0.000067051 0.999999998 -0.000008594 -0.001931649 -0.000031397 0.000008592 0.999999999 -0.000651528 0.000000000 0.000000000 0.000000000 1.000000000
5 0.999999998 0.000056800 0.000040782 -0.003041252 -0.000056801 0.999999998 0.000019576 -0.003091600 -0.000040781 -0.000019578 0.999999999 -0.000963296 0.000000000 0.000000000 0.000000000 1.000000000
6 0.999999997 0.000080273 0.000013871 -0.003556185 -0.000080273 0.999999996 -0.000032952 -0.004237347 -0.000013873 0.000032951 0.999999999 -0.001096905 0.000000000 0.000000000 0.000000000 1.000000000
7 0.999999999 0.000031182 0.000037251 -0.004197520 -0.000031181 0.999999999 -0.000023756 -0.004893508 -0.000037252 0.000023755 0.999999999 -0.001300863 0.000000000 0.000000000 0.000000000 1.000000000
8 0.999999999 0.000034773 0.000035959 -0.004685658 -0.000034774 0.999999999 0.000023259 -0.005443792 -0.000035958 -0.000023260 0.999999999 -0.001399457 0.000000000 0.000000000 0.000000000 1.000000000
9 0.999999992 0.000110357 0.000059817 -0.005368300 -0.000110361 0.999999992 0.000068561 -0.006024176 -0.000059810 -0.000068567 0.999999996 -0.001474305 0.000000000 0.000000000 0.000000000 1.000000000
10 0.999999996 0.000069647 0.000054188 -0.006902333 -0.000069649 0.999999997 0.000036047 -0.005186608 -0.000054186 -0.000036051 0.999999998 -0.001640282 0.000000000 0.000000000 0.000000000 1.000000000
11 0.999999992 0.000097349 0.000080003 -0.008317133 -0.000097354 0.999999993 0.000067981 -0.004252422 -0.000079996 -0.000067989 0.999999994 -0.001287587 0.000000000 0.000000000 0.000000000 1.000000000
12 0.999999983 0.000151876 0.000107969 -0.009154852 -0.000151889 0.999999981 0.000119211 -0.004251690 -0.000107951 -0.000119227 0.999999987 -0.001273018 0.000000000 0.000000000 0.000000000 1.000000000
13 0.999999989 0.000112741 0.000100045 -0.010223992 -0.000112743 0.999999993 0.000021625 -0.003900642 -0.000100043 -0.000021637 0.999999995 -0.001415286 0.000000000 0.000000000 0.000000000 1.000000000
14 0.999999982 0.000137161 0.000134076 -0.011145406 -0.000137172 0.999999987 0.000084760 -0.003192942 -0.000134065 -0.000084778 0.999999987 -0.001571123 0.000000000 0.000000000 0.000000000 1.000000000
15 0.999999965 0.000147808 0.000219085 -0.011958746 -0.000147809 0.999999989 0.000005065 -0.001910294 -0.000219084 -0.000005098 0.999999976 -0.001719190 0.000000000 0.000000000 0.000000000 1.000000000
16 0.999999957 0.000148146 0.000251186 -0.012372201 -0.000148165 0.999999986 0.000076944 -0.001157022 -0.000251174 -0.000076981 0.999999965 -0.001683958 0.000000000 0.000000000 0.000000000 1.000000000
17 0.999999974 0.000148417 0.000170792 -0.013099021 -0.000148406 0.999999987 -0.000060230 -0.000888464 -0.000170801 0.000060204 0.999999984 -0.001723320 0.000000000 0.000000000 0.000000000 1.000000000
18 0.999999980 0.000101376 0.000173262 -0.014043316 -0.000101386 0.999999993 0.000057474 -0.000099087 -0.000173257 -0.000057491 0.999999983 -0.001521076 0.000000000 0.000000000 0.000000000 1.000000000
19 0.999999976 0.000145388 0.000163730 -0.015128371 -0.000145397 0.999999988 0.000056603 0.000300500 -0.000163722 -0.000056627 0.999999985 -0.001416177 0.000000000 0.000000000 0.000000000 1.000000000
20 0.999999956 0.000213863 0.000203408 -0.015908619 -0.000213886 0.999999971 0.000112265 0.001508387 -0.000203384 -0.000112308 0.999999973 -0.000949888 0.000000000 0.000000000 0.000000000 1.000000000
21 0.999999976 0.000176778 0.000132430 -0.016697162 -0.000176795 0.999999976 0.000128076 0.002372852 -0.000132408 -0.000128099 0.999999983 -0.000582230 0.000000000 0.000000000 0.000000000 1.000000000
22 0.999999966 0.000190084 0.000179304 -0.017307534 -0.000190100 0.999999978 0.000089414 0.003232149 -0.000179287 -0.000089448 0.999999980 -0.000103043 0.000000000 0.000000000 0.000000000 1.000000000
23 0.999999962 0.000193954 0.000194904 -0.017900734 -0.000193974 0.999999976 0.000102864 0.003847437 -0.000194884 -0.000102902 0.999999976 0.000193991 0.000000000 0.000000000 0.000000000 1.000000000
24 0.999999956 0.000250433 0.000157548 -0.018570605 -0.000250441 0.999999967 0.000051347 0.004909097 -0.000157536 -0.000051386 0.999999986 0.000751081 0.000000000 0.000000000 0.000000000 1.000000000
25 0.999999959 0.000199508 0.000204530 -0.019025973 -0.000199539 0.999999969 0.000152185 0.006463340 -0.000204500 -0.000152226 0.999999968 0.001422331 0.000000000 0.000000000 0.000000000 1.000000000
26 0.999999967 0.000179126 0.000183575 -0.019545905 -0.000179142 0.999999980 0.000084430 0.007862793 -0.000183560 -0.000084462 0.999999980 0.001986635 0.000000000 0.000000000 0.000000000 1.000000000
27 0.999999973 0.000194650 0.000125806 -0.020062469 -0.000194668 0.999999971 0.000143061 0.008962306 -0.000125778 -0.000143086 0.999999982 0.002990015 0.000000000 0.000000000 0.000000000 1.000000000
28 0.999999965 0.000175857 0.000195843 -0.020527423 -0.000175880 0.999999978 0.000113736 0.009898350 -0.000195823 -0.000113771 0.999999974 0.003450867 0.000000000 0.000000000 0.000000000 1.000000000
29 0.999999963 0.000239128 0.000130698 -0.021440385 -0.000239155 0.999999951 0.000201598 0.012043033 -0.000130649 -0.000201629 0.999999971 0.003991881 0.000000000 0.000000000 0.000000000 1.000000000
30 0.999999968 0.000192132 0.000166389 -0.021923470 -0.000192146 0.999999978 0.000085089 0.013778533 -0.000166372 -0.000085121 0.999999983 0.004525204 0.000000000 0.000000000 0.000000000 1.000000000
31 0.999999966 0.000182199 0.000187776 -0.021974164 -0.000182235 0.999999966 0.000188607 0.015426092 -0.000187741 -0.000188642 0.999999965 0.005086984 0.000000000 0.000000000 0.000000000 1.000000000
32 0.999999965 0.000174979 0.000198225 -0.022327542 -0.000174999 0.999999980 0.000099786 0.016634127 -0.000198208 -0.000099821 0.999999975 0.005583693 0.000000000 0.000000000 0.000000000 1.000000000
33 0.999999978 0.000174594 0.000114854 -0.022731387 -0.000174611 0.999999973 0.000150602 0.018245333 -0.000114828 -0.000150622 0.999999982 0.006344473 0.000000000 0.000000000 0.000000000 1.000000000
34 0.999999970 0.000155335 0.000188517 -0.023245160 -0.000155368 0.999999973 0.000173389 0.020046014 -0.000188490 -0.000173418 0.999999967 0.006730874 0.000000000 0.000000000 0.000000000 1.000000000
35 0.999999983 0.000166132 0.000077488 -0.023445980 -0.000166139 0.999999982 0.000092519 0.021990097 -0.000077473 -0.000092532 0.999999993 0.006811852 0.000000000 0.000000000 0.000000000 1.000000000
36 0.999999980 0.000188013 0.000070839 -0.023502359 -0.000188021 0.999999977 0.000106539 0.023271788 -0.000070819 -0.000106552 0.999999992 0.006887613 0.000000000 0.000000000 0.000000000 1.000000000
37 0.999999978 0.000201109 0.000050918 -0.023629725 -0.000201114 0.999999975 0.000097122 0.024498648 -0.000050898 -0.000097133 0.999999994 0.006944956 0.000000000 0.000000000 0.000000000 1.000000000
38 0.999999976 0.000215443 0.000027698 -0.023595663 -0.000215445 0.999999975 0.000060619 0.026409524 -0.000027685 -0.000060625 0.999999998 0.007237251 0.000000000 0.000000000 0.000000000 1.000000000
39 0.999999976 0.000209440 0.000060842 -0.023748961 -0.000209443 0.999999976 0.000058441 0.027472421 -0.000060830 -0.000058454 0.999999996 0.007315380 0.000000000 0.000000000 0.000000000 1.000000000
40 0.999999977 0.000161824 0.000141777 -0.023370201 -0.000161841 0.999999979 0.000122191 0.028586931 -0.000141757 -0.000122214 0.999999982 0.007455889 0.000000000 0.000000000 0.000000000 1.000000000
41 0.999999971 0.000166340 0.000174352 -0.023535282 -0.000166351 0.999999984 0.000061066 0.029543680 -0.000174342 -0.000061095 0.999999983 0.007709787 0.000000000 0.000000000 0.000000000 1.000000000
42 0.999999959 0.000181618 0.000221124 -0.022809745 -0.000181649 0.999999974 0.000138463 0.030976745 -0.000221099 -0.000138504 0.999999966 0.007703352 0.000000000 0.000000000 0.000000000 1.000000000
43 0.999999962 0.000128549 0.000243635 -0.022395012 -0.000128584 0.999999981 0.000144601 0.031346038 -0.000243616 -0.000144632 0.999999960 0.007672712 0.000000000 0.000000000 0.000000000 1.000000000
44 0.999999986 0.000105968 0.000127867 -0.021604713 -0.000105982 0.999999989 0.000107334 0.031039045 -0.000127856 -0.000107348 0.999999986 0.007615107 0.000000000 0.000000000 0.000000000 1.000000000
45 0.999999968 0.000098860 0.000230895 -0.021051932 -0.000098885 0.999999989 0.000110994 0.031384934 -0.000230884 -0.000111017 0.999999967 0.007712562 0.000000000 0.000000000 0.000000000 1.000000000
46 0.999999954 0.000128456 0.000276410 -0.020828294 -0.000128467 0.999999991 0.000040425 0.031906104 -0.000276404 -0.000040460 0.999999961 0.007957048 0.000000000 0.000000000 0.000000000 1.000000000
47 0.999999939 0.000096721 0.000335778 -0.020639700 -0.000096761 0.999999988 0.000117748 0.032262769 -0.000335766 -0.000117780 0.999999937 0.008229733 0.000000000 0.000000000 0.000000000 1.000000000
48 0.999999933 0.000075629 0.000358827 -0.019671885 -0.000075674 0.999999989 0.000126177 0.032318638 -0.000358817 -0.000126204 0.999999928 0.008247812 0.000000000 0.000000000 0.000000000 1.000000000
49 0.999999946 0.000097706 0.000314667 -0.018767069 -0.000097744 0.999999988 0.000121200 0.031995366 -0.000314655 -0.000121231 0.999999943 0.008661086 0.000000000 0.000000000 0.000000000 1.000000000
50 0.999999934 0.000069217 0.000355690 -0.017570770 -0.000069279 0.999999983 0.000172057 0.031631799 -0.000355678 -0.000172081 0.999999922 0.009044616 0.000000000 0.000000000 0.000000000 1.000000000
51 0.999999941 0.000070850 0.000336480 -0.016503754 -0.000070885 0.999999992 0.000103537 0.031661290 -0.000336472 -0.000103561 0.999999938 0.009439797 0.000000000 0.000000000 0.000000000 1.000000000
52 0.999999944 -0.000006290 0.000334016 -0.016155382 0.000006250 0.999999993 0.000119811 0.032169915 -0.000334017 -0.000119808 0.999999937 0.009737191 0.000000000 0.000000000 0.000000000 1.000000000
53 0.999999969 0.000007945 0.000247316 -0.015678151 -0.000007970 0.999999995 0.000100637 0.032068108 -0.000247315 -0.000100639 0.999999964 0.009759888 0.000000000 0.000000000 0.000000000 1.000000000
54 0.999999970 0.000020161 0.000243827 -0.015154139 -0.000020207 0.999999982 0.000188685 0.031990928 -0.000243823 -0.000188690 0.999999952 0.009950663 0.000000000 0.000000000 0.000000000 1.000000000
55 0.999999974 0.000024061 0.000226409 -0.014096788 -0.000024081 0.999999996 0.000089220 0.031505074 -0.000226407 -0.000089226 0.999999970 0.010079002 0.000000000 0.000000000 0.000000000 1.000000000
56 0.999999960 0.000023990 0.000281337 -0.012925205 -0.000024017 0.999999995 0.000092671 0.030958106 -0.000281335 -0.000092678 0.999999956 0.010140516 0.000000000 0.000000000 0.000000000 1.000000000
57 0.999999943 0.000023920 0.000336265 -0.011753624 -0.000023952 0.999999995 0.000096122 0.030411137 -0.000336263 -0.000096130 0.999999939 0.010202030 0.000000000 0.000000000 0.000000000 1.000000000
58 0.999999941 0.000002564 0.000343501 -0.010827852 -0.000002610 0.999999991 0.000135144 0.030324527 -0.000343501 -0.000135144 0.999999932 0.009911023 0.000000000 0.000000000 0.000000000 1.000000000
59 0.999999941 0.000002825 0.000344267 -0.009896691 -0.000002861 0.999999994 0.000106155 0.030058188 -0.000344267 -0.000106156 0.999999935 0.009591920 0.000000000 0.000000000 0.000000000 1.000000000
60 0.999999933 -0.000009132 0.000366597 -0.008542686 0.000009096 0.999999995 0.000099638 0.029197160 -0.000366598 -0.000099635 0.999999928 0.009344087 0.000000000 0.000000000 0.000000000 1.000000000
61 0.999999945 -0.000000315 0.000330805 -0.007582623 0.000000311 1.000000000 0.000011736 0.028453509 -0.000330805 -0.000011735 0.999999945 0.009158751 0.000000000 0.000000000 0.000000000 1.000000000
62 0.999999941 -0.000065557 0.000337976 -0.005815189 0.000065507 0.999999987 0.000149414 0.027563826 -0.000337986 -0.000149392 0.999999932 0.009002971 0.000000000 0.000000000 0.000000000 1.000000000
63 0.999999921 -0.000046001 0.000395509 -0.004603140 0.000045968 0.999999995 0.000083076 0.026203178 -0.000395513 -0.000083058 0.999999918 0.008841014 0.000000000 0.000000000 0.000000000 1.000000000
64 0.999999907 -0.000151305 0.000404950 -0.003335357 0.000151258 0.999999982 0.000116427 0.025115080 -0.000404968 -0.000116366 0.999999911 0.008561367 0.000000000 0.000000000 0.000000000 1.000000000
65 0.999999935 -0.000019972 0.000361189 -0.002543246 0.000019942 0.999999996 0.000082395 0.024387904 -0.000361190 -0.000082388 0.999999931 0.008398011 0.000000000 0.000000000 0.000000000 1.000000000
66 0.999999928 0.000019481 0.000378140 -0.001263517 -0.000019535 0.999999990 0.000141207 0.023855201 -0.000378137 -0.000141214 0.999999919 0.008030333 0.000000000 0.000000000 0.000000000 1.000000000
67 0.999999899 -0.000067535 0.000445252 0.000090507 0.000067522 0.999999997 0.000028182 0.023655759 -0.000445254 -0.000028152 0.999999900 0.007619317 0.000000000 0.000000000 0.000000000 1.000000000
68 0.999999940 -0.000095035 0.000333811 0.001105366 0.000095041 0.999999995 -0.000019017 0.023551664 -0.000333809 0.000019048 0.999999944 0.007184579 0.000000000 0.000000000 0.000000000 1.000000000
69 0.999999944 -0.000067836 0.000329104 0.002080908 0.000067813 0.999999995 0.000070129 0.023727590 -0.000329109 -0.000070107 0.999999943 0.006927185 0.000000000 0.000000000 0.000000000 1.000000000
70 0.999999978 -0.000086086 0.000193243 0.002908749 0.000086087 0.999999996 -0.000003644 0.023976632 -0.000193243 0.000003661 0.999999981 0.006515891 0.000000000 0.000000000 0.000000000 1.000000000
71 0.999999977 -0.000093779 0.000195272 0.003265266 0.000093764 0.999999993 0.000074373 0.024073784 -0.000195279 -0.000074355 0.999999978 0.006121921 0.000000000 0.000000000 0.000000000 1.000000000
72 0.999999987 -0.000050419 0.000154714 0.003581379 0.000050414 0.999999998 0.000036663 0.024051899 -0.000154715 -0.000036655 0.999999987 0.005805790 0.000000000 0.000000000 0.000000000 1.000000000
73 0.999999994 -0.000007711 0.000111202 0.003523567 0.000007703 0.999999997 0.000072897 0.024192761 -0.000111202 -0.000072896 0.999999991 0.005354359 0.000000000 0.000000000 0.000000000 1.000000000
74 0.999999986 -0.000080859 0.000143751 0.004257468 0.000080862 0.999999996 -0.000025914 0.023546826 -0.000143749 0.000025926 0.999999989 0.004543421 0.000000000 0.000000000 0.000000000 1.000000000
75 0.999999996 -0.000020463 0.000082039 0.005182592 0.000020459 0.999999999 0.000047007 0.022619374 -0.000082040 -0.000047005 0.999999996 0.003815792 0.000000000 0.000000000 0.000000000 1.000000000
76 0.999999984 -0.000074078 0.000162048 0.006061526 0.000074079 0.999999997 -0.000002364 0.022199095 -0.000162048 0.000002376 0.999999987 0.003209846 0.000000000 0.000000000 0.000000000 1.000000000
77 0.999999994 -0.000025799 0.000106167 0.005985691 0.000025802 0.999999999 -0.000030432 0.022443712 -0.000106166 0.000030435 0.999999994 0.002551096 0.000000000 0.000000000 0.000000000 1.000000000
78 0.999999999 0.000001983 0.000050036 0.005692773 -0.000001982 1.000000000 -0.000001662 0.022628559 -0.000050036 0.000001662 0.999999999 0.002203577 0.000000000 0.000000000 0.000000000 1.000000000
79 0.999999993 -0.000030646 0.000112704 0.005757781 0.000030651 0.999999998 -0.000048308 0.022336313 -0.000112702 0.000048312 0.999999992 0.001687794 0.000000000 0.000000000 0.000000000 1.000000000
80 0.999999998 -0.000033293 0.000050638 0.005480142 0.000033291 0.999999999 0.000030060 0.022615978 -0.000050639 -0.000030059 0.999999998 0.001125714 0.000000000 0.000000000 0.000000000 1.000000000
81 0.999999996 -0.000005701 0.000091181 0.005671078 0.000005705 0.999999999 -0.000040658 0.022549847 -0.000091180 0.000040658 0.999999995 0.000645820 0.000000000 0.000000000 0.000000000 1.000000000
82 0.999999999 -0.000012575 -0.000032684 0.005599953 0.000012578 0.999999998 0.000069055 0.022932667 0.000032683 -0.000069055 0.999999997 0.000826216 0.000000000 0.000000000 0.000000000 1.000000000
83 0.999999998 0.000001078 -0.000060912 0.006041821 -0.000001079 1.000000000 -0.000004601 0.022562922 0.000060912 0.000004601 0.999999998 0.000857928 0.000000000 0.000000000 0.000000000 1.000000000
84 0.999999989 -0.000014183 -0.000150746 0.006336346 0.000014188 0.999999999 0.000032910 0.022664830 0.000150745 -0.000032912 0.999999988 0.000757771 0.000000000 0.000000000 0.000000000 1.000000000
85 0.999999993 0.000010172 -0.000120874 0.006756263 -0.000010173 1.000000000 -0.000011107 0.022581490 0.000120874 0.000011109 0.999999993 0.000572292 0.000000000 0.000000000 0.000000000 1.000000000
86 0.999999982 -0.000010005 -0.000189334 0.006952849 0.000010008 1.000000000 0.000014921 0.022608410 0.000189334 -0.000014922 0.999999982 0.000158029 0.000000000 0.000000000 0.000000000 1.000000000
87 0.999999978 0.000033596 -0.000205030 0.006951290 -0.000033608 0.999999998 -0.000055143 0.022671497 0.000205028 0.000055150 0.999999977 0.000196853 0.000000000 0.000000000 0.000000000 1.000000000
88 0.999999955 0.000060389 -0.000294215 0.006539259 -0.000060396 0.999999998 -0.000024254 0.022398614 0.000294214 0.000024272 0.999999956 0.000130550 0.000000000 0.000000000 0.000000000 1.000000000
89 0.999999951 0.000033607 -0.000311230 0.006793532 -0.000033622 0.999999998 -0.000048945 0.021494681 0.000311229 0.000048955 0.999999950 -0.000354522 0.000000000 0.000000000 0.000000000 1.000000000
90 0.999999920 0.000055433 -0.000395248 0.006341122 -0.000055442 0.999999998 -0.000021964 0.021286490 0.000395247 0.000021986 0.999999922 -0.000348877 0.000000000 0.000000000 0.000000000 1.000000000
91 0.999999924 0.000040924 -0.000388683 0.006479786 -0.000040908 0.999999998 0.000039107 0.020704624 0.000388684 -0.000039092 0.999999924 -0.000253053 0.000000000 0.000000000 0.000000000 1.000000000
92 0.999999901 0.000051308 -0.000441709 0.006520336 -0.000051309 0.999999999 -0.000003219 0.019627677 0.000441709 0.000003241 0.999999902 -0.000426841 0.000000000 0.000000000 0.000000000 1.000000000
93 0.999999921 -0.000013004 -0.000396805 0.006329595 0.000013017 0.999999999 0.000031423 0.018114631 0.000396804 -0.000031429 0.999999921 -0.000571522 0.000000000 0.000000000 0.000000000 1.000000000
94 0.999999912 0.000056657 -0.000416593 0.006144228 -0.000056677 0.999999997 -0.000047526 0.017064053 0.000416591 0.000047550 0.999999912 -0.000807844 0.000000000 0.000000000 0.000000000 1.000000000
95 0.999999883 0.000054382 -0.000480602 0.005782953 -0.000054386 0.999999998 -0.000009221 0.016412097 0.000480601 0.000009247 0.999999884 -0.000957924 0.000000000 0.000000000 0.000000000 1.000000000
96 0.999999911 0.000009288 -0.000422205 0.006140709 -0.000009289 1.000000000 -0.000002067 0.015472528 0.000422205 0.000002071 0.999999911 -0.001135099 0.000000000 0.000000000 0.000000000 1.000000000
97 0.999999910 0.000032228 -0.000422684 0.005076186 -0.000032226 0.999999999 0.000005122 0.014132323 0.000422684 -0.000005108 0.999999911 -0.001000977 0.000000000 0.000000000 0.000000000 1.000000000
98 0.999999891 0.000084114 -0.000459785 0.004083980 -0.000084104 0.999999996 0.000021597 0.013719542 0.000459787 -0.000021559 0.999999894 -0.000667098 0.000000000 0.000000000 0.000000000 1.000000000
99 0.999999891 0.000119855 -0.000451040 0.003090628 -0.000119831 0.999999991 0.000052149 0.013676587 0.000451047 -0.000052095 0.999999897 -0.000044977 0.000000000 0.000000000 0.000000000 1.000000000
100 0.999999890 0.000065195 -0.000465302 0.002741846 -0.000065189 0.999999998 0.000012284 0.013465537 0.000465303 -0.000012254 0.999999892 0.000194644 0.000000000 0.000000000 0.000000000 1.000000000
101 0.999999900 0.000068853 -0.000442391 0.002324551 -0.000068830 0.999999996 0.000051936 0.013465233 0.000442395 -0.000051906 0.999999901 0.000424375 0.000000000 0.000000000 0.000000000 1.000000000
102 0.999999860 0.000079388 -0.000523247 0.001780862 -0.000079327 0.999999990 0.000115917 0.013931483 0.000523256 -0.000115875 0.999999856 0.000871221 0.000000000 0.000000000 0.000000000 1.000000000
103 0.999999856 0.000142872 -0.000517443 0.001079334 -0.000142843 0.999999988 0.000055597 0.014300322 0.000517451 -0.000055523 0.999999865 0.001064067 0.000000000 0.000000000 0.000000000 1.000000000
104 0.999999864 0.000108929 -0.000509061 0.000208459 -0.000108842 0.999999980 0.000170568 0.015099529 0.000509080 -0.000170513 0.999999856 0.001486965 0.000000000 0.000000000 0.000000000 1.000000000
105 0.999999820 0.000117253 -0.000588344 -0.000378155 -0.000117171 0.999999984 0.000138535 0.015506567 0.000588360 -0.000138466 0.999999817 0.001699099 0.000000000 0.000000000 0.000000000 1.000000000
106 0.999999836 0.000118144 -0.000560630 -0.000535312 -0.000118060 0.999999982 0.000149278 0.015879200 0.000560648 -0.000149212 0.999999832 0.001919122 0.000000000 0.000000000 0.000000000 1.000000000
107 0.999999872 0.000195556 -0.000466983 -0.001384284 -0.000195515 0.999999977 0.000089398 0.016603800 0.000467001 -0.000089306 0.999999887 0.002442934 0.000000000 0.000000000 0.000000000 1.000000000
108 0.999999819 0.000128968 -0.000588421 -0.002112928 -0.000128866 0.999999977 0.000173647 0.017379173 0.000588444 -0.000173571 0.999999812 0.003281468 0.000000000 0.000000000 0.000000000 1.000000000
109 0.999999820 0.000158352 -0.000579501 -0.002761991 -0.000158280 0.999999980 0.000125119 0.018093231 0.000579521 -0.000125027 0.999999824 0.003546799 0.000000000 0.000000000 0.000000000 1.000000000
110 0.999999766 0.000234245 -0.000642978 -0.004103030 -0.000234152 0.999999962 0.000144107 0.018934209 0.000643012 -0.000143956 0.999999783 0.003904626 0.000000000 0.000000000 0.000000000 1.000000000
111 0.999999733 0.000182427 -0.000706922 -0.004641242 -0.000182337 0.999999975 0.000127964 0.019324592 0.000706945 -0.000127835 0.999999742 0.004178334 0.000000000 0.000000000 0.000000000 1.000000000
112 0.999999717 0.000156491 -0.000735474 -0.006102466 -0.000156400 0.999999980 0.000122984 0.020411056 0.000735493 -0.000122869 0.999999722 0.004540647 0.000000000 0.000000000 0.000000000 1.000000000
113 0.999999731 0.000185302 -0.000709382 -0.006784562 -0.000185200 0.999999972 0.000143930 0.020963111 0.000709409 -0.000143799 0.999999738 0.004796942 0.000000000 0.000000000 0.000000000 1.000000000
114 0.999999735 0.000140640 -0.000714722 -0.007382102 -0.000140566 0.999999985 0.000102387 0.021465156 0.000714736 -0.000102286 0.999999739 0.005245214 0.000000000 0.000000000 0.000000000 1.000000000
115 0.999999680 0.000155168 -0.000784685 -0.008381137 -0.000155036 0.999999974 0.000168690 0.022118604 0.000784711 -0.000168569 0.999999678 0.005921257 0.000000000 0.000000000 0.000000000 1.000000000
116 0.999999677 0.000220741 -0.000772539 -0.009136888 -0.000220668 0.999999971 0.000094551 0.022241176 0.000772560 -0.000094380 0.999999697 0.006072390 0.000000000 0.000000000 0.000000000 1.000000000
117 0.999999693 0.000140362 -0.000770812 -0.009735293 -0.000140252 0.999999980 0.000142919 0.022676507 0.000770832 -0.000142811 0.999999693 0.006635921 0.000000000 0.000000000 0.000000000 1.000000000
118 0.999999691 0.000124227 -0.000776081 -0.010751310 -0.000124102 0.999999979 0.000160647 0.023421388 0.000776101 -0.000160550 0.999999686 0.007479855 0.000000000 0.000000000 0.000000000 1.000000000
119 0.999999721 0.000108427 -0.000738438 -0.011915380 -0.000108237 0.999999961 0.000257541 0.024171441 0.000738466 -0.000257461 0.999999694 0.007861410 0.000000000 0.000000000 0.000000000 1.000000000
120 0.999999677 0.000183503 -0.000782908 -0.012683845 -0.000183404 0.999999975 0.000125966 0.024038693 0.000782931 -0.000125823 0.999999686 0.008277040 0.000000000 0.000000000 0.000000000 1.000000000
121 0.999999746 0.000216571 -0.000679099 -0.013575190 -0.000216414 0.999999950 0.000232034 0.024384009 0.000679149 -0.000231887 0.999999742 0.009064013 0.000000000 0.000000000 0.000000000 1.000000000
122 0.999999782 0.000144887 -0.000644055 -0.014467939 -0.000144765 0.999999972 0.000189322 0.024929791 0.000644083 -0.000189229 0.999999775 0.009735047 0.000000000 0.000000000 0.000000000 1.000000000
123 0.999999744 0.000122427 -0.000704496 -0.015288411 -0.000122249 0.999999960 0.000253556 0.025459330 0.000704527 -0.000253470 0.999999720 0.010636290 0.000000000 0.000000000 0.000000000 1.000000000
124 0.999999774 0.000170408 -0.000649970 -0.015876549 -0.000170246 0.999999954 0.000249410 0.025521327 0.000650013 -0.000249299 0.999999758 0.011431049 0.000000000 0.000000000 0.000000000 1.000000000
125 0.999999790 0.000163633 -0.000627070 -0.016180047 -0.000163496 0.999999963 0.000218944 0.025824444 0.000627106 -0.000218842 0.999999779 0.012026493 0.000000000 0.000000000 0.000000000 1.000000000
126 0.999999819 0.000133269 -0.000586757 -0.016605837 -0.000133117 0.999999957 0.000259761 0.027010130 0.000586792 -0.000259683 0.999999794 0.012777651 0.000000000 0.000000000 0.000000000 1.000000000
127 0.999999816 0.000181279 -0.000579294 -0.017289698 -0.000181130 0.999999950 0.000257373 0.028210062 0.000579341 -0.000257268 0.999999799 0.013566126 0.000000000 0.000000000 0.000000000 1.000000000
128 0.999999858 0.000118690 -0.000520239 -0.017307711 -0.000118522 0.999999941 0.000323416 0.029115206 0.000520278 -0.000323354 0.999999812 0.014431814 0.000000000 0.000000000 0.000000000 1.000000000
129 0.999999863 0.000108639 -0.000513011 -0.017505475 -0.000108533 0.999999973 0.000206475 0.029435263 0.000513033 -0.000206419 0.999999847 0.014855958 0.000000000 0.000000000 0.000000000 1.000000000
130 0.999999846 0.000133833 -0.000539028 -0.017626431 -0.000133667 0.999999944 0.000308045 0.029955122 0.000539069 -0.000307973 0.999999807 0.015360933 0.000000000 0.000000000 0.000000000 1.000000000
131 0.999999856 0.000132358 -0.000520240 -0.017830690 -0.000132232 0.999999962 0.000241503 0.030685627 0.000520272 -0.000241434 0.999999836 0.015855431 0.000000000 0.000000000 0.000000000 1.000000000
132 0.999999861 0.000099776 -0.000518471 -0.017992398 -0.000099678 0.999999977 0.000190248 0.031505126 0.000518490 -0.000190196 0.999999847 0.016364283 0.000000000 0.000000000 0.000000000 1.000000000
133 0.999999907 0.000164202 -0.000398744 -0.017746871 -0.000164104 0.999999956 0.000246988 0.031740557 0.000398784 -0.000246923 0.999999890 0.016662893 0.000000000 0.000000000 0.000000000 1.000000000
134 0.999999928 0.000107088 -0.000364291 -0.017409877 -0.000106994 0.999999961 0.000257408 0.032235313 0.000364319 -0.000257369 0.999999901 0.016835332 0.000000000 0.000000000 0.000000000 1.000000000
135 0.999999938 0.000101091 -0.000338300 -0.017055335 -0.000100965 0.999999925 0.000374087 0.032662669 0.000338338 -0.000374052 0.999999873 0.017289437 0.000000000 0.000000000 0.000000000 1.000000000
136 0.999999923 0.000104421 -0.000379244 -0.017001571 -0.000104338 0.999999971 0.000218975 0.032510190 0.000379267 -0.000218935 0.999999904 0.017449476 0.000000000 0.000000000 0.000000000 1.000000000
137 0.999999928 0.000096760 -0.000367219 -0.016784009 -0.000096651 0.999999951 0.000297256 0.032496132 0.000367248 -0.000297221 0.999999888 0.017867863 0.000000000 0.000000000 0.000000000 1.000000000
138 0.999999933 0.000143396 -0.000337678 -0.017008443 -0.000143322 0.999999966 0.000217409 0.032464037 0.000337709 -0.000217361 0.999999919 0.017944304 0.000000000 0.000000000 0.000000000 1.000000000
139 0.999999944 0.000041827 -0.000332211 -0.016913680 -0.000041732 0.999999958 0.000285701 0.032969152 0.000332223 -0.000285687 0.999999904 0.018063180 0.000000000 0.000000000 0.000000000 1.000000000
140 0.999999932 0.000091183 -0.000357772 -0.017027312 -0.000091095 0.999999966 0.000245438 0.033128638 0.000357795 -0.000245405 0.999999906 0.018471110 0.000000000 0.000000000 0.000000000 1.000000000
141 0.999999946 0.000118694 -0.000305495 -0.017010222 -0.000118603 0.999999949 0.000298076 0.033122965 0.000305531 -0.000298040 0.999999909 0.018530747 0.000000000 0.000000000 0.000000000 1.000000000
142 0.999999948 0.000093353 -0.000308102 -0.017130752 -0.000093286 0.999999972 0.000219758 0.032965788 0.000308123 -0.000219729 0.999999928 0.018753830 0.000000000 0.000000000 0.000000000 1.000000000
143 0.999999981 0.000006980 -0.000196860 -0.016870007 -0.000006931 0.999999968 0.000252960 0.033078015 0.000196862 -0.000252959 0.999999949 0.019019947 0.000000000 0.000000000 0.000000000 1.000000000
144 0.999999980 0.000025066 -0.000199825 -0.017001308 -0.000025018 0.999999970 0.000243035 0.033218252 0.000199831 -0.000243030 0.999999951 0.019269844 0.000000000 0.000000000 0.000000000 1.000000000
145 0.999999980 0.000094866 -0.000173231 -0.017099067 -0.000094820 0.999999961 0.000263349 0.033558498 0.000173256 -0.000263332 0.999999950 0.019651900 0.000000000 0.000000000 0.000000000 1.000000000
146 0.999999983 0.000002822 -0.000184263 -0.017251890 -0.000002773 0.999999963 0.000270264 0.033972375 0.000184264 -0.000270263 0.999999947 0.019793804 0.000000000 0.000000000 0.000000000 1.000000000
147 0.999999986 0.000076744 -0.000147198 -0.017762894 -0.000076721 0.999999985 0.000157839 0.034117477 0.000147210 -0.000157827 0.999999977 0.019853472 0.000000000 0.000000000 0.000000000 1.000000000
148 0.999999964 0.000189634 -0.000189179 -0.018291479 -0.000189579 0.999999939 0.000291759 0.035085829 0.000189235 -0.000291723 0.999999940 0.019843358 0.000000000 0.000000000 0.000000000 1.000000000
149 0.999999983 0.000144547 -0.000116656 -0.018418475 -0.000144513 0.999999946 0.000294284 0.035050964 0.000116699 -0.000294267 0.999999950 0.020247046 0.000000000 0.000000000 0.000000000 1.000000000
150 0.999999985 0.000023084 -0.000169652 -0.018680881 -0.000023044 0.999999971 0.000237812 0.035670219 0.000169657 -0.000237808 0.999999957 0.020471135 0.000000000 0.000000000 0.000000000 1.000000000
151 0.999999979 0.000078141 -0.000189216 -0.019327733 -0.000078097 0.999999970 0.000232770 0.036447203 0.000189234 -0.000232755 0.999999955 0.021104389 0.000000000 0.000000000 0.000000000 1.000000000
152 0.999999982 0.000149713 -0.000120217 -0.019335116 -0.000149680 0.999999951 0.000275228 0.036003227 0.000120258 -0.000275210 0.999999955 0.021459311 0.000000000 0.000000000 0.000000000 1.000000000
153 0.999999980 0.000093442 -0.000178434 -0.019475497 -0.000093407 0.999999976 0.000196173 0.035840737 0.000178453 -0.000196156 0.999999965 0.021621579 0.000000000 0.000000000 0.000000000 1.000000000
154 0.999999965 0.000039713 -0.000261160 -0.020095173 -0.000039668 0.999999984 0.000172515 0.036244664 0.000261167 -0.000172505 0.999999951 0.022072231 0.000000000 0.000000000 0.000000000 1.000000000
155 0.999999982 0.000097588 -0.000161093 -0.020727711 -0.000097540 0.999999952 0.000294705 0.036706489 0.000161121 -0.000294689 0.999999944 0.022301096 0.000000000 0.000000000 0.000000000 1.000000000
156 0.999999969 0.000109961 -0.000221274 -0.021402376 -0.000109904 0.999999961 0.000257209 0.036889951 0.000221302 -0.000257184 0.999999942 0.022264577 0.000000000 0.000000000 0.000000000 1.000000000
157 0.999999996 0.000089722 -0.000007093 -0.022051239 -0.000089720 0.999999961 0.000262691 0.037367563 0.000007117 -0.000262690 0.999999965 0.021947310 0.000000000 0.000000000 0.000000000 1.000000000
158 0.999999986 0.000117228 -0.000117211 -0.023106641 -0.000117203 0.999999970 0.000215003 0.037755585 0.000117237 -0.000214989 0.999999970 0.021904404 0.000000000 0.000000000 0.000000000 1.000000000
159 0.999999990 0.000029920 -0.000138149 -0.023654360 -0.000029885 0.999999967 0.000253709 0.037872651 0.000138156 -0.000253705 0.999999958 0.021269553 0.000000000 0.000000000 0.000000000 1.000000000
160 0.999999994 0.000081086 -0.000079005 -0.023700777 -0.000081077 0.999999990 0.000111659 0.036768293 0.000079014 -0.000111652 0.999999991 0.020695497 0.000000000 0.000000000 0.000000000 1.000000000
161 0.999999998 -0.000012202 -0.000062694 -0.023726471 0.000012211 0.999999990 0.000144295 0.035855167 0.000062692 -0.000144296 0.999999988 0.020253689 0.000000000 0.000000000 0.000000000 1.000000000
162 0.999999994 0.000094135 -0.000052019 -0.024047132 -0.000094123 0.999999971 0.000219526 0.035384246 0.000052040 -0.000219521 0.999999975 0.020058573 0.000000000 0.000000000 0.000000000 1.000000000
163 0.999999991 0.000113250 -0.000074887 -0.024037016 -0.000113243 0.999999989 0.000092038 0.034454937 0.000074898 -0.000092030 0.999999993 0.019110773 0.000000000 0.000000000 0.000000000 1.000000000
164 0.999999998 0.000056093 -0.000020521 -0.023901185 -0.000056091 0.999999993 0.000105985 0.034001392 0.000020527 -0.000105983 0.999999994 0.019163968 0.000000000 0.000000000 0.000000000 1.000000000
165 0.999999998 0.000061890 -0.000000159 -0.023530107 -0.000061890 0.999999990 0.000127581 0.033002223 0.000000167 -0.000127581 0.999999992 0.018930097 0.000000000 0.000000000 0.000000000 1.000000000
166 0.999999998 0.000065781 -0.000004552 -0.023709911 -0.000065780 0.999999988 0.000140503 0.032514636 0.000004562 -0.000140503 0.999999990 0.018661778 0.000000000 0.000000000 0.000000000 1.000000000
167 0.999999998 0.000054548 0.000021995 -0.023602378 -0.000054549 0.999999997 0.000050072 0.031887581 -0.000021992 -0.000050073 0.999999999 0.018376550 0.000000000 0.000000000 0.000000000 1.000000000
168 1.000000000 0.000025773 0.000008954 -0.023299251 -0.000025774 0.999999990 0.000140514 0.030851154 -0.000008951 -0.000140514 0.999999990 0.018289634 0.000000000 0.000000000 0.000000000 1.000000000
169 1.000000000 0.000014997 0.000020804 -0.023073481 -0.000014999 0.999999993 0.000113723 0.030548520 -0.000020802 -0.000113723 0.999999993 0.018282840 0.000000000 0.000000000 0.000000000 1.000000000
170 1.000000000 0.000017958 -0.000010435 -0.022328450 -0.000017957 0.999999993 0.000120927 0.029408869 0.000010437 -0.000120926 0.999999993 0.017663847 0.000000000 0.000000000 0.000000000 1.000000000
171 0.999999999 0.000032868 0.000026202 -0.022050921 -0.000032871 0.999999991 0.000128026 0.028800222 -0.000026198 -0.000128026 0.999999991 0.017461998 0.000000000 0.000000000 0.000000000 1.000000000
172 0.999999999 -0.000034196 -0.000023294 -0.021688682 0.000034199 0.999999990 0.000140143 0.028265365 0.000023289 -0.000140144 0.999999990 0.017298429 0.000000000 0.000000000 0.000000000 1.000000000
173 0.999999998 0.000008821 0.000058445 -0.021653861 -0.000008829 0.999999991 0.000130670 0.028278136 -0.000058444 -0.000130670 0.999999990 0.017580713 0.000000000 0.000000000 0.000000000 1.000000000
174 1.000000000 -0.000003525 0.000014475 -0.020896672 0.000003524 0.999999998 0.000059375 0.027425741 -0.000014475 -0.000059375 0.999999998 0.015721398 0.000000000 0.000000000 0.000000000 1.000000000
175 0.999999989 -0.000068774 0.000130816 -0.020042005 0.000068764 0.999999995 0.000078889 0.026281569 -0.000130822 -0.000078880 0.999999988 0.014597512 0.000000000 0.000000000 0.000000000 1.000000000
176 0.999999989 -0.000044176 0.000138329 -0.019277513 0.000044175 0.999999999 0.000010274 0.025266512 -0.000138330 -0.000010268 0.999999990 0.012937862 0.000000000 0.000000000 0.000000000 1.000000000
177 0.999999987 0.000022504 0.000160594 -0.019240270 -0.000022511 0.999999999 0.000044452 0.025169720 -0.000160593 -0.000044455 0.999999986 0.012031716 0.000000000 0.000000000 0.000000000 1.000000000
178 0.999999979 0.000034656 0.000200939 -0.018259565 -0.000034547 0.999999854 -0.000539604 0.023926665 -0.000200958 0.000539597 0.999999834 0.013720054 0.000000000 0.000000000 0.000000000 1.000000000
179 0.999999967 -0.000122383 0.000225699 -0.017458049 0.000122682 0.999999116 -0.001323613 0.023951320 -0.000225537 0.001323641 0.999999099 0.021652514 0.000000000 0.000000000 0.000000000 1.000000000
180 0.999999971 -0.000055294 0.000233096 -0.017302523 0.000055657 0.999998783 -0.001558929 0.023849551 -0.000233009 0.001558941 0.999998758 0.035128021 0.000000000 0.000000000 0.000000000 1.000000000
181 0.999999938 -0.000333914 0.000109955 -0.015662461 0.000334066 0.999998984 -0.001385521 0.022644118 -0.000109492 0.001385558 0.999999034 0.054209300 0.000000000 0.000000000 0.000000000 1.000000000
182 0.999999631 -0.000836422 0.000196522 -0.014104532 0.000836681 0.999998781 -0.001318555 0.022232807 -0.000195419 0.001318719 0.999999111 0.080492138 0.000000000 0.000000000 0.000000000 1.000000000
183 0.999999420 -0.001067403 0.000142570 -0.012894755 0.001067608 0.999998396 -0.001438021 0.021672293 -0.000141035 0.001438172 0.999998956 0.108624421 0.000000000 0.000000000 0.000000000 1.000000000
184 0.999999074 -0.001357200 0.000098973 -0.011712295 0.001357366 0.999997644 -0.001693773 0.020401927 -0.000096674 0.001693906 0.999998561 0.144081181 0.000000000 0.000000000 0.000000000 1.000000000
185 0.999998839 -0.001499700 0.000271700 -0.010239738 0.001500289 0.999996499 -0.002179634 0.018446809 -0.000268430 0.002180038 0.999997588 0.180329809 0.000000000 0.000000000 0.000000000 1.000000000
186 0.999999336 -0.001084385 0.000390543 -0.009792096 0.001085585 0.999994648 -0.003086261 0.016898176 -0.000387194 0.003086682 0.999995161 0.222465355 0.000000000 0.000000000 0.000000000 1.000000000
187 0.999999762 -0.000489765 0.000486092 -0.009962471 0.000492140 0.999987882 -0.004898292 0.015527214 -0.000483688 0.004898529 0.999987885 0.277849037 0.000000000 0.000000000 0.000000000 1.000000000
188 0.999999460 0.000213056 0.001016725 -0.009839870 -0.000205986 0.999975841 -0.006947995 0.014292073 -0.001018181 0.006947781 0.999975346 0.340698314 0.000000000 0.000000000 0.000000000 1.000000000
189 0.999998239 0.000568420 0.001788581 -0.008693981 -0.000552930 0.999962442 -0.008649214 0.012830049 -0.001793430 0.008648209 0.999960995 0.417275121 0.000000000 0.000000000 0.000000000 1.000000000
190 0.999995232 0.000662046 0.003016344 -0.006280221 -0.000633372 0.999954698 -0.009497390 0.011717511 -0.003022495 0.009495433 0.999950349 0.520813726 0.000000000 0.000000000 0.000000000 1.000000000
191 0.999990786 0.000718909 0.004232184 -0.004134466 -0.000678360 0.999953929 -0.009574923 0.011681476 -0.004238873 0.009571963 0.999945203 0.632822144 0.000000000 0.000000000 0.000000000 1.000000000
192 0.999982566 0.000954364 0.005827297 -0.001956875 -0.000899772 0.999955754 -0.009363814 0.012335709 -0.005835977 0.009358406 0.999939179 0.762918987 0.000000000 0.000000000 0.000000000 1.000000000
193 0.999968476 0.001002964 0.007876577 0.001853634 -0.000923209 0.999948337 -0.010122751 0.012834273 -0.007886324 0.010115158 0.999917741 0.925362022 0.000000000 0.000000000 0.000000000 1.000000000
194 0.999950110 0.000871162 0.009950837 0.006642583 -0.000758443 0.999935574 -0.011325790 0.011978061 -0.009960063 0.011317676 0.999886347 1.092458593 0.000000000 0.000000000 0.000000000 1.000000000
195 0.999920030 0.000231778 0.012644322 0.013999790 -0.000078281 0.999926319 -0.012138797 0.011401492 -0.012646205 0.012136834 0.999846374 1.297247572 0.000000000 0.000000000 0.000000000 1.000000000
196 0.999883169 -0.000216692 0.015284024 0.022070980 0.000418573 0.999912700 -0.013206693 0.010664956 -0.015279830 0.013211546 0.999795970 1.503748969 0.000000000 0.000000000 0.000000000 1.000000000
197 0.999836841 -0.000052880 0.018063451 0.029341683 0.000313865 0.999895606 -0.014445720 0.011681677 -0.018060804 0.014449031 0.999732481 1.731555546 0.000000000 0.000000000 0.000000000 1.000000000
198 0.999767388 0.000712688 0.021556014 0.039465592 -0.000356759 0.999863618 -0.016511181 0.012379236 -0.021564843 0.016499648 0.999631292 2.006777261 0.000000000 0.000000000 0.000000000 1.000000000
199 0.999691305 0.000898525 0.024829177 0.050478995 -0.000466830 0.999848727 -0.017386952 0.013389211 -0.024841047 0.017369991 0.999540497 2.283031376 0.000000000 0.000000000 0.000000000 1.000000000
200 0.999598547 0.000693275 0.028324268 0.064001998 -0.000193973 0.999844613 -0.017627018 0.012403540 -0.028332090 0.017614445 0.999443357 2.583168683 0.000000000 0.000000000 0.000000000 1.000000000
201 0.999479771 -0.000423496 0.032249161 0.083896567 0.000992453 0.999844112 -0.017628564 0.010317380 -0.032236672 0.017651397 0.999324384 2.940825131 0.000000000 0.000000000 0.000000000 1.000000000
202 0.999366298 -0.000667326 0.035588724 0.100976559 0.001224908 0.999876814 -0.015647866 0.007647054 -0.035573902 0.015681540 0.999244008 3.290910575 0.000000000 0.000000000 0.000000000 1.000000000
203 0.999244818 -0.000144797 0.038855782 0.120802271 0.000693504 0.999900229 -0.014108536 0.004873705 -0.038849867 0.014124826 0.999145223 3.702899193 0.000000000 0.000000000 0.000000000 1.000000000
204 0.999151758 -0.001006988 0.041167344 0.141699781 0.001546209 0.999913408 -0.013068522 0.004003090 -0.041150624 0.013121088 0.999066796 4.096538878 0.000000000 0.000000000 0.000000000 1.000000000
205 0.999085832 -0.003340181 0.042618572 0.166403506 0.003807727 0.999933409 -0.010894009 0.002821338 -0.042579351 0.011046328 0.999032020 4.505864383 0.000000000 0.000000000 0.000000000 1.000000000
206 0.999050602 -0.005069313 0.043268895 0.192374720 0.005480111 0.999940984 -0.009380708 0.003648012 -0.043218793 0.009608919 0.999019422 4.968155599 0.000000000 0.000000000 0.000000000 1.000000000
207 0.999067451 -0.005898437 0.042771907 0.213629444 0.006271893 0.999943330 -0.008602376 0.005476409 -0.042718747 0.008862613 0.999047828 5.399261748 0.000000000 0.000000000 0.000000000 1.000000000
208 0.999132906 -0.006089221 0.041186868 0.233103653 0.006412940 0.999949543 -0.007732179 0.007381578 -0.041137711 0.007989602 0.999121542 5.840431154 0.000000000 0.000000000 0.000000000 1.000000000
209 0.999236292 -0.006872417 0.038465593 0.253917498 0.007160262 0.999947350 -0.007350365 0.008526296 -0.038413058 0.007620174 0.999232891 6.336770765 0.000000000 0.000000000 0.000000000 1.000000000
210 0.999376849 -0.008165415 0.034340043 0.271195653 0.008426576 0.999936614 -0.007467257 0.008760505 -0.034276897 0.007751971 0.999382310 6.798362779 0.000000000 0.000000000 0.000000000 1.000000000
211 0.999543935 -0.009460485 0.028677892 0.285465031 0.009676229 0.999925851 -0.007393507 0.008855611 -0.028605822 0.007667628 0.999561361 7.270168132 0.000000000 0.000000000 0.000000000 1.000000000
212 0.999723181 -0.011623351 0.020456261 0.297162108 0.011772087 0.999905033 -0.007165474 0.009464637 -0.020371034 0.007404302 0.999765071 7.802287310 0.000000000 0.000000000 0.000000000 1.000000000
213 0.999853333 -0.013821293 0.010113560 0.302567589 0.013902986 0.999870928 -0.008052047 0.010165527 -0.010000966 0.008191473 0.999916437 8.296942388 0.000000000 0.000000000 0.000000000 1.000000000
214 0.999845164 -0.017126792 -0.004039903 0.299953965 0.017088099 0.999809554 -0.009426165 0.009838670 0.004200574 0.009355670 0.999947412 8.855163320 0.000000000 0.000000000 0.000000000 1.000000000
215 0.999607264 -0.020239117 -0.019382857 0.288712952 0.020055113 0.999752389 -0.009641186 0.009095698 0.019573189 0.009248673 0.999765649 9.375714477 0.000000000 0.000000000 0.000000000 1.000000000
216 0.999072087 -0.021461967 -0.037340976 0.263886285 0.021156943 0.999739651 -0.008544850 0.007323907 0.037514648 0.007746899 0.999266049 9.909225523 0.000000000 0.000000000 0.000000000 1.000000000
217 0.998077913 -0.021979813 -0.057942787 0.222351072 0.021562643 0.999736953 -0.007815274 0.007985308 0.058099330 0.006550852 0.998289314 10.454097518 0.000000000 0.000000000 0.000000000 1.000000000
218 0.996263882 -0.023049265 -0.083228650 0.161081378 0.022479017 0.999717024 -0.007782362 0.008667074 0.083384486 0.005882388 0.996500088 11.064908113 0.000000000 0.000000000 0.000000000 1.000000000
219 0.993720663 -0.025902736 -0.108849856 0.092013358 0.025342801 0.999657527 -0.006524641 0.009465103 0.108981596 0.003725110 0.994036788 11.632745973 0.000000000 0.000000000 0.000000000 1.000000000
220 0.990203419 -0.025690930 -0.137248542 0.001792893 0.025230502 0.999668684 -0.005093642 0.010336783 0.137333946 0.001580893 0.990523543 12.209823248 0.000000000 0.000000000 0.000000000 1.000000000
221 0.985042803 -0.026525614 -0.170255879 -0.123185493 0.026139044 0.999648134 -0.004512089 0.012578545 0.170315677 -0.000005724 0.985389554 12.853257833 0.000000000 0.000000000 0.000000000 1.000000000
222 0.978989332 -0.026148268 -0.202227968 -0.258945134 0.025826824 0.999657489 -0.004228559 0.014572367 0.202269296 -0.001083191 0.979329344 13.444622823 0.000000000 0.000000000 0.000000000 1.000000000
223 0.970702093 -0.024562665 -0.239027438 -0.437966046 0.024557140 0.999693922 -0.003001688 0.018386271 0.239028034 -0.002956084 0.971008170 14.101286564 0.000000000 0.000000000 0.000000000 1.000000000
224 0.961909559 -0.021731617 -0.272502713 -0.627147553 0.021794450 0.999758561 -0.002796617 0.022173132 0.272497727 -0.003248953 0.962150945 14.698470402 0.000000000 0.000000000 0.000000000 1.000000000
225 0.951617486 -0.020878311 -0.306575025 -0.839069461 0.020565222 0.999779473 -0.004251769 0.023804683 0.306596222 -0.002258724 0.951836995 15.293191196 0.000000000 0.000000000 0.000000000 1.000000000
226 0.938211370 -0.022338959 -0.345340966 -1.093994998 0.021708399 0.999748132 -0.005693709 0.025643239 0.345381218 -0.002154895 0.938460007 15.946142532 0.000000000 0.000000000 0.000000000 1.000000000
227 0.924399508 -0.022348627 -0.380770365 -1.353770449 0.021157121 0.999749401 -0.007315170 0.029055077 0.380838473 -0.001293863 0.924640687 16.533270728 0.000000000 0.000000000 0.000000000 1.000000000
228 0.908819216 -0.021881310 -0.416615915 -1.637812769 0.019454054 0.999760026 -0.010071256 0.029756093 0.416736359 0.001048085 0.909026803 17.112456220 0.000000000 0.000000000 0.000000000 1.000000000
229 0.889685308 -0.023975842 -0.455944281 -1.973450225 0.021953980 0.999711624 -0.009731012 0.027533525 0.456046160 -0.001352251 0.889955108 17.748479126 0.000000000 0.000000000 0.000000000 1.000000000
230 0.870617563 -0.026448225 -0.491248942 -2.303459442 0.025856032 0.999633701 -0.007995595 0.025233672 0.491280525 -0.005740640 0.870982502 18.321897882 0.000000000 0.000000000 0.000000000 1.000000000
231 0.848019326 -0.026154258 -0.529319511 -2.699417482 0.026996126 0.999616670 -0.006141850 0.022441436 0.529277305 -0.009081165 0.848400318 18.941737914 0.000000000 0.000000000 0.000000000 1.000000000
232 0.825830645 -0.027022292 -0.563270365 -3.085948577 0.028962703 0.999565418 -0.005489843 0.020882162 0.563173991 -0.011780147 0.826254392 19.493726731 0.000000000 0.000000000 0.000000000 1.000000000
233 0.801752428 -0.028022610 -0.596998942 -3.496933033 0.030401108 0.999519235 -0.006088756 0.020647458 0.596882618 -0.013267750 0.802218890 20.033580894 0.000000000 0.000000000 0.000000000 1.000000000
234 0.773536694 -0.027504514 -0.633154355 -3.981435335 0.030513948 0.999515483 -0.006139948 0.022005081 0.633016532 -0.014570559 0.774001173 20.610907247 0.000000000 0.000000000 0.000000000 1.000000000
235 0.746782618 -0.026556445 -0.664537753 -4.448594737 0.029594422 0.999539623 -0.006686790 0.022303559 0.664409470 -0.014673027 0.747224738 21.119296902 0.000000000 0.000000000 0.000000000 1.000000000
236 0.718678008 -0.025538564 -0.694873835 -4.940565948 0.029732006 0.999539986 -0.005985376 0.022338382 0.694707123 -0.016358430 0.719106717 21.613981314 0.000000000 0.000000000 0.000000000 1.000000000
237 0.686473030 -0.023828904 -0.726764681 -5.513274326 0.028325321 0.999580637 -0.006018930 0.023346648 0.726603412 -0.016454004 0.686860109 22.139279480 0.000000000 0.000000000 0.000000000 1.000000000
238 0.656363919 -0.021235477 -0.754145473 -6.063196131 0.027102968 0.999622252 -0.004558866 0.024577301 0.753957494 -0.017447299 0.656691522 22.600916340 0.000000000 0.000000000 0.000000000 1.000000000
239 0.624984314 -0.019260848 -0.780399613 -6.639544053 0.026223152 0.999649373 -0.003671246 0.026923326 0.780196786 -0.018170060 0.625270257 23.047385335 0.000000000 0.000000000 0.000000000 1.000000000
240 0.589166547 -0.019337298 -0.807780151 -7.300177359 0.026328650 0.999642165 -0.004727055 0.029332495 0.807582602 -0.018482732 0.589464847 23.520756791 0.000000000 0.000000000 0.000000000 1.000000000
241 0.556425224 -0.022563799 -0.830591214 -7.924591686 0.030243150 0.999518807 -0.006892552 0.030439944 0.830347158 -0.021284498 0.556839875 23.936680708 0.000000000 0.000000000 0.000000000 1.000000000
242 0.523088617 -0.024533421 -0.851925070 -8.575439288 0.028345188 0.999533414 -0.011380028 0.029460924 0.851806864 -0.018195207 0.523539955 24.329554807 0.000000000 0.000000000 0.000000000 1.000000000
243 0.486769438 -0.026547714 -0.873126935 -9.323989616 0.024955024 0.999552740 -0.016479276 0.027876831 0.873174009 -0.013767289 0.487214223 24.734846341 0.000000000 0.000000000 0.000000000 1.000000000
244 0.453584015 -0.031122263 -0.890669890 -10.025515521 0.028372375 0.999387762 -0.020472182 0.025147511 0.890761833 -0.015984559 0.454189325 25.093308419 0.000000000 0.000000000 0.000000000 1.000000000
245 0.417384754 -0.030601440 -0.908214414 -10.830862859 0.026241479 0.999421924 -0.021614895 0.017618699 0.908350950 -0.014811156 0.417946500 25.461227569 0.000000000 0.000000000 0.000000000 1.000000000
246 0.386771620 -0.030468689 -0.921671999 -11.584850795 0.027440164 0.999391716 -0.021522929 0.010202007 0.921767244 -0.016966366 0.387372418 25.776340053 0.000000000 0.000000000 0.000000000 1.000000000
247 0.355560190 -0.032121236 -0.934101213 -12.354422414 0.027396339 0.999338028 -0.023936300 -0.001955565 0.934251837 -0.017080152 0.356204822 26.067292441 0.000000000 0.000000000 0.000000000 1.000000000
248 0.322628300 -0.034813440 -0.945885246 -13.217200875 0.026294418 0.999267349 -0.027809518 -0.018743711 0.946160498 -0.015899358 0.323307324 26.361654718 0.000000000 0.000000000 0.000000000 1.000000000
249 0.293207878 -0.038857227 -0.955258682 -14.013951398 0.027954920 0.999094935 -0.032059859 -0.032718139 0.955639979 -0.017303970 0.294028755 26.609369275 0.000000000 0.000000000 0.000000000 1.000000000
250 0.266568008 -0.038069958 -0.963063895 -14.826892675 0.023027674 0.999185932 -0.033123999 -0.051622673 0.963541038 -0.013347316 0.267227665 26.829051873 0.000000000 0.000000000 0.000000000 1.000000000
251 0.241060085 -0.037618562 -0.969780784 -15.732545291 0.019969457 0.999229193 -0.033797048 -0.075452450 0.970304780 -0.011218870 0.241625496 27.053523988 0.000000000 0.000000000 0.000000000 1.000000000
252 0.221097879 -0.037314565 -0.974537449 -16.565083778 0.016255773 0.999269944 -0.034573538 -0.097841474 0.975116193 -0.008197718 0.221543041 27.241228255 0.000000000 0.000000000 0.000000000 1.000000000
253 0.205139070 -0.036576018 -0.978049101 -17.405538387 0.012071542 0.999320010 -0.034839562 -0.120687522 0.978658445 -0.004659600 0.205441105 27.415173978 0.000000000 0.000000000 0.000000000 1.000000000
254 0.190690019 -0.035285712 -0.981015862 -18.337771269 0.009013425 0.999374568 -0.034194018 -0.147020250 0.981608979 -0.002321850 0.190888799 27.593543192 0.000000000 0.000000000 0.000000000 1.000000000
255 0.180402318 -0.034816474 -0.982976451 -19.190724315 0.005956504 0.999393667 -0.034304786 -0.171774655 0.983574927 0.000333565 0.180500317 27.751971142 0.000000000 0.000000000 0.000000000 1.000000000
256 0.172873202 -0.035043798 -0.984320413 -20.133919216 0.003582584 0.999382611 -0.034950845 -0.198508571 0.984937630 0.002515658 0.172892018 27.920836024 0.000000000 0.000000000 0.000000000 1.000000000
257 0.169147511 -0.035996898 -0.984933109 -20.996199099 0.002390677 0.999344852 -0.036113050 -0.222883425 0.985587905 0.003753780 0.169122750 28.074366852 0.000000000 0.000000000 0.000000000 1.000000000
258 0.167430139 -0.037756661 -0.985160631 -21.860523168 0.000340662 0.999268547 -0.038239457 -0.251069732 0.985883942 0.006066835 0.167320532 28.224781371 0.000000000 0.000000000 0.000000000 1.000000000
259 0.167297568 -0.037343134 -0.985198914 -22.819170435 -0.001936415 0.999268037 -0.038205237 -0.280512299 0.985904604 0.008299401 0.167102800 28.392478757 0.000000000 0.000000000 0.000000000 1.000000000
260 0.167700303 -0.035163444 -0.985210651 -23.696806151 -0.002628572 0.999344172 -0.036115318 -0.306518630 0.985834577 0.008646250 0.167497890 28.548260677 0.000000000 0.000000000 0.000000000 1.000000000
261 0.168790252 -0.031175130 -0.985158793 -24.579807727 -0.002012868 0.999486693 -0.031973405 -0.332068221 0.985649995 0.007379798 0.168640858 28.708188358 0.000000000 0.000000000 0.000000000 1.000000000
262 0.169782905 -0.030885100 -0.984997341 -25.551571953 0.001111422 0.999514143 -0.031148707 -0.356383881 0.985480920 0.004193775 0.169734740 28.887988186 0.000000000 0.000000000 0.000000000 1.000000000
263 0.170959895 -0.031655775 -0.984769269 -26.438730681 0.004220667 0.999498097 -0.031396514 -0.378445875 0.985269006 0.001211166 0.171007697 29.055512254 0.000000000 0.000000000 0.000000000 1.000000000
264 0.171976020 -0.030959983 -0.984614450 -27.420331502 0.005853416 0.999520482 -0.030406307 -0.402005222 0.985083803 -0.000534197 0.172074775 29.239854699 0.000000000 0.000000000 0.000000000 1.000000000
265 0.173076932 -0.028973372 -0.984481999 -28.317861093 0.007004413 0.999578148 -0.028186241 -0.423311709 0.984883459 -0.002017325 0.173206859 29.409765810 0.000000000 0.000000000 0.000000000 1.000000000
266 0.174032028 -0.025164795 -0.984418342 -29.220664027 0.007122988 0.999679441 -0.024295666 -0.442104772 0.984714289 -0.002783771 0.174155488 29.581382636 0.000000000 0.000000000 0.000000000 1.000000000
267 0.175229593 -0.015429136 -0.984406633 -30.223057009 0.005963624 0.999875483 -0.014610029 -0.454901301 0.984509593 -0.003310516 0.175299786 29.768752394 0.000000000 0.000000000 0.000000000 1.000000000
268 0.176312430 -0.008402127 -0.984298338 -31.133942540 0.009322900 0.999932971 -0.006865620 -0.465028685 0.984290163 -0.007966016 0.176378943 29.946603920 0.000000000 0.000000000 0.000000000 1.000000000
269 0.176508177 -0.010683415 -0.984241137 -32.037742451 0.008677300 0.999919128 -0.009297451 -0.475555414 0.984260982 -0.006899474 0.176586604 30.119105908 0.000000000 0.000000000 0.000000000 1.000000000
