0 1.000000000 0.000000000 -0.000000000 0.000000001 0.000000000 1.000000000 -0.000000000 0.000000000 -0.000000000 -0.000000000 1.000000000 -0.000000000 0.000000000 0.000000000 0.000000000 1.000000000
1 0.999999587 -0.000885776 -0.000204558 0.018848145 0.000885430 0.999998184 -0.001687703 0.013778965 0.000206052 0.001687520 0.999998555 1.174300280 0.000000000 0.000000000 0.000000000 1.000000000
2 0.999996964 0.002463678 -0.000044592 0.030064435 -0.002463633 0.999996481 0.000983953 0.022462618 0.000047016 -0.000983840 0.999999515 2.248313816 0.000000000 0.000000000 0.000000000 1.000000000
3 0.999995734 0.002920782 0.000039627 0.045798462 -0.002920948 0.999982516 0.005141653 0.034678516 -0.000024608 -0.005141746 0.999986781 3.321372540 0.000000000 0.000000000 0.000000000 1.000000000
4 0.999994201 0.003399638 -0.000200659 0.065242199 -0.003398083 0.999967538 0.007305919 0.050182878 0.000225490 -0.007305193 0.999973291 4.500497116 0.000000000 0.000000000 0.000000000 1.000000000
5 0.999995304 0.003042056 -0.000372071 0.082576604 -0.003038997 0.999963667 0.007964259 0.066670348 0.000396285 -0.007963090 0.999968216 5.568881018 0.000000000 0.000000000 0.000000000 1.000000000
6 0.999997627 0.002077918 -0.000654606 0.101323668 -0.002073180 0.999972239 0.007156978 0.084575126 0.000669460 -0.007155603 0.999974174 6.741381887 0.000000000 0.000000000 0.000000000 1.000000000
7 0.999996672 0.002428881 -0.000869534 0.111884461 -0.002423589 0.999978839 0.006037231 0.103399902 0.000884179 -0.006035102 0.999981398 7.810209594 0.000000000 0.000000000 0.000000000 1.000000000
8 0.999995107 0.002968150 -0.000987583 0.113137149 -0.002962842 0.999981380 0.005334994 0.123584090 0.001003400 -0.005332041 0.999985281 8.885516868 0.000000000 0.000000000 0.000000000 1.000000000
9 0.999990958 0.004069880 -0.001233234 0.112327512 -0.004063651 0.999979178 0.005013095 0.144835357 0.001253611 -0.005008037 0.999986674 10.068030791 0.000000000 0.000000000 0.000000000 1.000000000
10 0.999988042 0.004706970 -0.001326559 0.124795294 -0.004698977 0.999971163 0.005965980 0.160437221 0.001354602 -0.005959675 0.999981323 11.138761281 0.000000000 0.000000000 0.000000000 1.000000000
11 0.999989518 0.004405191 -0.001248304 0.161678708 -0.004396676 0.999967590 0.006744450 0.168226147 0.001277974 -0.006738890 0.999976477 12.211155753 0.000000000 0.000000000 0.000000000 1.000000000
12 0.999980316 0.006138094 -0.001300837 0.190138816 -0.006129825 0.999961562 0.006268924 0.180262321 0.001339267 -0.006260826 0.999979504 13.378151589 0.000000000 0.000000000 0.000000000 1.000000000
13 0.999985830 0.005180465 -0.001225433 0.223514827 -0.005173431 0.999970508 0.005676231 0.189582589 0.001254803 -0.005669811 0.999983139 14.437587487 0.000000000 0.000000000 0.000000000 1.000000000
14 0.999984087 0.005476603 -0.001353743 0.250086479 -0.005467333 0.999962206 0.006759769 0.201305267 0.001390712 -0.006752259 0.999976236 15.492598218 0.000000000 0.000000000 0.000000000 1.000000000
15 0.999982765 0.005695351 -0.001425568 0.278689110 -0.005683561 0.999950694 0.008142929 0.213967724 0.001471875 -0.008134685 0.999965830 16.647898319 0.000000000 0.000000000 0.000000000 1.000000000
16 0.999983944 0.005442066 -0.001579476 0.302791700 -0.005428303 0.999948357 0.008591676 0.227290333 0.001626151 -0.008582963 0.999961843 17.692143579 0.000000000 0.000000000 0.000000000 1.000000000
17 0.999995337 0.002571597 -0.001646796 0.329590600 -0.002556439 0.999954947 0.009141636 0.242514005 0.001670230 -0.009137382 0.999956858 18.733176767 0.000000000 0.000000000 0.000000000 1.000000000
18 0.999991854 0.003613449 -0.001798417 0.356672011 -0.003598461 0.999959337 0.008268904 0.256613426 0.001828223 -0.008262364 0.999964195 19.872069520 0.000000000 0.000000000 0.000000000 1.000000000
19 0.999987373 0.004635785 -0.001939764 0.377453492 -0.004625803 0.999976195 0.005119609 0.269592642 0.001963452 -0.005110571 0.999985013 20.901161239 0.000000000 0.000000000 0.000000000 1.000000000
20 0.999992678 0.003051073 -0.002309898 0.400408366 -0.003041917 0.999987544 0.003957069 0.285262295 0.002321943 -0.003950013 0.999989503 21.925864594 0.000000000 0.000000000 0.000000000 1.000000000
21 0.999975633 0.006651104 -0.002120297 0.417735641 -0.006639235 0.999962518 0.005557219 0.297490965 0.002157180 -0.005543006 0.999982311 23.053851142 0.000000000 0.000000000 0.000000000 1.000000000
22 0.999955586 0.009237539 -0.001869038 0.437104615 -0.009223238 0.999929175 0.007521767 0.306190125 0.001938389 -0.007504193 0.999969964 24.078385583 0.000000000 0.000000000 0.000000000 1.000000000
23 0.999938061 0.010963238 -0.001918735 0.456448455 -0.010947514 0.999907881 0.008023772 0.319307293 0.002006525 -0.008002268 0.999965968 25.098278345 0.000000000 0.000000000 0.000000000 1.000000000
24 0.999913462 0.013038726 -0.001749152 0.477984926 -0.013022513 0.999874856 0.008982554 0.334820641 0.001866054 -0.008958997 0.999958126 26.219843256 0.000000000 0.000000000 0.000000000 1.000000000
25 0.999890095 0.014685259 -0.002034952 0.536554955 -0.014669128 0.999862532 0.007728805 0.348859631 0.002148172 -0.007698103 0.999968062 27.247295453 0.000000000 0.000000000 0.000000000 1.000000000
26 0.999846658 0.017279810 -0.002840597 0.552842255 -0.017264101 0.999836024 0.005465942 0.345872755 0.002934582 -0.005416063 0.999981027 28.272627046 0.000000000 0.000000000 0.000000000 1.000000000
27 0.999803878 0.019513089 -0.003383099 0.572821607 -0.019498640 0.999800834 0.004253828 0.341157177 0.003465431 -0.004187028 0.999985230 29.402922455 0.000000000 0.000000000 0.000000000 1.000000000
28 0.999733785 0.022749268 -0.003850954 0.588253109 -0.022723936 0.999720647 0.006500123 0.342774896 0.003997751 -0.006410883 0.999971459 30.433896778 0.000000000 0.000000000 0.000000000 1.000000000
29 0.999690210 0.024560334 -0.004034215 0.644522239 -0.024525026 0.999662384 0.008581469 0.334792010 0.004243617 -0.008479870 0.999955041 31.491799630 0.000000000 0.000000000 0.000000000 1.000000000
30 0.999627295 0.026843796 -0.004968152 0.653611010 -0.026800666 0.999604193 0.008554643 0.339345241 0.005195826 -0.008418303 0.999951067 32.634887958 0.000000000 0.000000000 0.000000000 1.000000000
31 0.999628800 0.026614281 -0.005826037 0.659760272 -0.026569400 0.999617691 0.007651096 0.344361192 0.006027438 -0.007493461 0.999953758 33.669811760 0.000000000 0.000000000 0.000000000 1.000000000
32 0.999623834 0.026522582 -0.006981667 0.674192503 -0.026469165 0.999620463 0.007636360 0.358632732 0.007181554 -0.007448688 0.999946470 34.810788396 0.000000000 0.000000000 0.000000000 1.000000000
33 0.999625735 0.026254421 -0.007687370 0.712623237 -0.026190584 0.999622583 0.008291218 0.352320560 0.007902151 -0.008086777 0.999936078 35.871971266 0.000000000 0.000000000 0.000000000 1.000000000
34 0.999621876 0.026219296 -0.008285796 0.741585691 -0.026149725 0.999622772 0.008396799 0.355496315 0.008502829 -0.008176951 0.999930417 36.930228965 0.000000000 0.000000000 0.000000000 1.000000000
35 0.999605645 0.026929155 -0.007960888 0.774522213 -0.026862014 0.999603650 0.008424630 0.359474898 0.008184602 -0.008207461 0.999932823 38.100180103 0.000000000 0.000000000 0.000000000 1.000000000
36 0.999589738 0.027852775 -0.006676692 0.803827247 -0.027789378 0.999569526 0.009408099 0.370918612 0.006935860 -0.009218697 0.999933453 39.161989084 0.000000000 0.000000000 0.000000000 1.000000000
37 0.999586234 0.028360332 -0.004801263 0.835756454 -0.028307078 0.999540716 0.010819683 0.385057505 0.005105908 -0.010679295 0.999929939 40.226028216 0.000000000 0.000000000 0.000000000 1.000000000
38 0.999569258 0.029248489 -0.002413538 0.874133993 -0.029221177 0.999516030 0.010669018 0.405710143 0.002724423 -0.010593895 0.999940172 41.395584916 0.000000000 0.000000000 0.000000000 1.000000000
39 0.999588383 0.028688955 0.000087696 0.909301924 -0.028688502 0.999543346 0.009490480 0.438823975 0.000184616 -0.009489088 0.999954961 42.450814698 0.000000000 0.000000000 0.000000000 1.000000000
40 0.999638774 0.026768115 0.002406052 0.943249166 -0.026788042 0.999603552 0.008668254 0.468998695 -0.002173065 -0.008729575 0.999959535 43.514550238 0.000000000 0.000000000 0.000000000 1.000000000
41 0.999653420 0.025815572 0.005157116 0.980808233 -0.025862273 0.999623154 0.009202821 0.491714940 -0.004917597 -0.009333005 0.999944355 44.700065026 0.000000000 0.000000000 0.000000000 1.000000000
42 0.999674655 0.024326709 0.007667841 1.050590707 -0.024404147 0.999650425 0.010171827 0.525918495 -0.007417714 -0.010355644 0.999918866 45.772240259 0.000000000 0.000000000 0.000000000 1.000000000
43 0.999679763 0.023247607 0.009995994 1.116971012 -0.023347742 0.999677192 0.010019710 0.552146442 -0.009759834 -0.010249884 0.999899838 46.852473161 0.000000000 0.000000000 0.000000000 1.000000000
44 0.999651848 0.023310565 0.012361276 1.192708421 -0.023419312 0.999687645 0.008726342 0.567006385 -0.012154000 -0.009012795 0.999885518 48.051173445 0.000000000 0.000000000 0.000000000 1.000000000
45 0.999681422 0.020809894 0.014282958 1.258683828 -0.020926547 0.999748472 0.008066677 0.582826593 -0.014111500 -0.008362999 0.999865454 49.147113971 0.000000000 0.000000000 0.000000000 1.000000000
46 0.999665609 0.020590323 0.015643184 1.326338396 -0.020720542 0.999751613 0.008208018 0.595940004 -0.015470295 -0.008529408 0.999843947 50.245555254 0.000000000 0.000000000 0.000000000 1.000000000
47 0.999712984 0.016319947 0.017538797 1.407787588 -0.016479631 0.999823707 0.008998718 0.602739611 -0.017388849 -0.009285167 0.999805688 51.456832659 0.000000000 0.000000000 0.000000000 1.000000000
48 0.999722843 0.014680368 0.018404451 1.472466129 -0.014830416 0.999857676 0.008042813 0.600090737 -0.018283762 -0.008313529 0.999798274 52.561496054 0.000000000 0.000000000 0.000000000 1.000000000
49 0.999725408 0.013994645 0.018795191 1.532863838 -0.014057570 0.999896003 0.003219798 0.591842854 -0.018748178 -0.003483128 0.999818170 53.665896163 0.000000000 0.000000000 0.000000000 1.000000000
50 0.999722258 0.013301240 0.019454673 1.589748645 -0.013300348 0.999911531 -0.000175402 0.596040282 -0.019455287 -0.000083401 0.999810725 54.878624049 0.000000000 0.000000000 0.000000000 1.000000000
51 0.999666305 0.015682318 0.020526647 1.640610238 -0.015721880 0.999874842 0.001767187 0.595476792 -0.020496367 -0.002089315 0.999787744 55.984985458 0.000000000 0.000000000 0.000000000 1.000000000
52 0.999621370 0.017061846 0.021587244 1.688806810 -0.017178022 0.999838886 0.005207543 0.597060968 -0.021494918 -0.005576397 0.999753406 57.091944535 0.000000000 0.000000000 0.000000000 1.000000000
53 0.999627467 0.016580414 0.021679876 1.722384063 -0.016707900 0.999844095 0.005712341 0.598135366 -0.021581786 -0.006072438 0.999748644 58.305841292 0.000000000 0.000000000 0.000000000 1.000000000
54 0.999652019 0.015381105 0.021430429 1.754698944 -0.015494336 0.999866808 0.005127466 0.598064677 -0.021348711 -0.005457731 0.999757193 59.412180784 0.000000000 0.000000000 0.000000000 1.000000000
55 0.999697771 0.013256199 0.020703642 1.779200068 -0.013359476 0.999898958 0.004857869 0.592430812 -0.020637156 -0.005132990 0.999773855 60.623336247 0.000000000 0.000000000 0.000000000 1.000000000
56 0.999731678 0.012382174 0.019576893 1.812439843 -0.012487787 0.999908076 0.005281595 0.591790218 -0.019509698 -0.005524650 0.999794404 61.727510356 0.000000000 0.000000000 0.000000000 1.000000000
57 0.999774893 0.011187367 0.018027901 1.846369794 -0.011299396 0.999917405 0.006124214 0.585577359 -0.017957900 -0.006326539 0.999818728 62.833787181 0.000000000 0.000000000 0.000000000 1.000000000
58 0.999785690 0.012839929 0.016239175 1.875553046 -0.012931578 0.999900975 0.005551138 0.570580657 -0.016166292 -0.005759946 0.999852726 63.941166796 0.000000000 0.000000000 0.000000000 1.000000000
59 0.999802533 0.013674630 0.014418693 1.920047089 -0.013746823 0.999893406 0.004919482 0.559286010 -0.014349886 -0.005116721 0.999883943 65.160028204 0.000000000 0.000000000 0.000000000 1.000000000
60 0.999788276 0.015916742 0.013040696 1.955655124 -0.016003030 0.999850561 0.006539047 0.548090583 -0.012934669 -0.006746352 0.999893585 66.270033154 0.000000000 0.000000000 0.000000000 1.000000000
61 0.999762342 0.018496744 0.011538209 1.990279429 -0.018595651 0.999790749 0.008524132 0.547831193 -0.011378127 -0.008736666 0.999897099 67.378435730 0.000000000 0.000000000 0.000000000 1.000000000
62 0.999724890 0.021424650 0.009546151 2.014589547 -0.021504361 0.999734080 0.008326577 0.552022290 -0.009365220 -0.008529569 0.999919766 68.603718036 0.000000000 0.000000000 0.000000000 1.000000000
63 0.999680492 0.024140205 0.007494317 2.042970416 -0.024187918 0.999687314 0.006341766 0.552735484 -0.007338883 -0.006521010 0.999951807 69.718806116 0.000000000 0.000000000 0.000000000 1.000000000
64 0.999649501 0.025869776 0.005624074 2.071240075 -0.025897720 0.999652329 0.004952727 0.563445974 -0.005493993 -0.005096642 0.999971920 70.834595192 0.000000000 0.000000000 0.000000000 1.000000000
65 0.999607294 0.027781490 0.003666990 2.098836311 -0.027798659 0.999602422 0.004715220 0.571225461 -0.003534537 -0.004815305 0.999982160 72.066097390 0.000000000 0.000000000 0.000000000 1.000000000
66 0.999564171 0.029472351 0.001687958 2.121380188 -0.029478176 0.999559182 0.003532614 0.575124478 -0.001583100 -0.003580832 0.999992336 73.186252693 0.000000000 0.000000000 0.000000000 1.000000000
67 0.999560211 0.029654041 0.000149374 2.141382280 -0.029654349 0.999556341 0.002782168 0.586494710 -0.000066805 -0.002785373 0.999996119 74.307016834 0.000000000 0.000000000 0.000000000 1.000000000
68 0.999547821 0.030033542 -0.001463090 2.158252941 -0.030027446 0.999540954 0.004028982 0.599090829 0.001583423 -0.003983227 0.999990813 75.534988700 0.000000000 0.000000000 0.000000000 1.000000000
69 0.999528847 0.030562057 -0.002836336 2.161631695 -0.030543913 0.999513969 0.006236645 0.607388304 0.003025562 -0.006147073 0.999976529 76.652374647 0.000000000 0.000000000 0.000000000 1.000000000
70 0.999524713 0.030528010 -0.004288270 2.167344333 -0.030496003 0.999507920 0.007342469 0.619869186 0.004510311 -0.007208204 0.999963849 77.769931039 0.000000000 0.000000000 0.000000000 1.000000000
71 0.999501511 0.030991491 -0.006021398 2.168381398 -0.030944784 0.999491418 0.007702285 0.638625994 0.006257041 -0.007512114 0.999952208 78.999751313 0.000000000 0.000000000 0.000000000 1.000000000
72 0.999500513 0.030740418 -0.007331514 2.173936700 -0.030685479 0.999501004 0.007492910 0.657088548 0.007558191 -0.007264196 0.999945051 80.120886109 0.000000000 0.000000000 0.000000000 1.000000000
73 0.999485767 0.030763847 -0.009043608 2.172803872 -0.030684973 0.999490933 0.008735352 0.684189298 0.009307739 -0.008453356 0.999920950 81.356585489 0.000000000 0.000000000 0.000000000 1.000000000
74 0.999499193 0.029856036 -0.010487200 2.177964826 -0.029740095 0.999496658 0.011043424 0.705167574 0.010811636 -0.010726002 0.999884024 82.483356210 0.000000000 0.000000000 0.000000000 1.000000000
75 0.999537167 0.027874629 -0.012184301 2.187801119 -0.027721139 0.999536403 0.012590353 0.724431213 0.012529605 -0.012246761 0.999846501 83.610233780 0.000000000 0.000000000 0.000000000 1.000000000
76 0.999545502 0.026559280 -0.014261617 2.202470370 -0.026372373 0.999565851 0.013137986 0.743918698 0.014604363 -0.012755901 0.999811982 84.849108323 0.000000000 0.000000000 0.000000000 1.000000000
77 0.999535867 0.025823856 -0.016161014 2.212423101 -0.025624646 0.999594541 0.012414955 0.763184304 0.016475065 -0.011995071 0.999792324 85.977101472 0.000000000 0.000000000 0.000000000 1.000000000
78 0.999486644 0.026509819 -0.017991055 2.223832864 -0.026314647 0.999593186 0.011000088 0.783191372 0.018275348 -0.010521012 0.999777635 87.107246095 0.000000000 0.000000000 0.000000000 1.000000000
79 0.999448628 0.026587499 -0.019888307 2.236552636 -0.026383985 0.999597505 0.010426549 0.806957833 0.020157520 -0.009896066 0.999747839 88.356247892 0.000000000 0.000000000 0.000000000 1.000000000
80 0.999395238 0.027599574 -0.021152358 2.249879939 -0.027370834 0.999564509 0.011028542 0.824705846 0.021447532 -0.010442913 0.999715434 89.495059228 0.000000000 0.000000000 0.000000000 1.000000000
81 0.999356131 0.028485473 -0.021815159 2.259310601 -0.028261489 0.999545331 0.010508108 0.842382807 0.022104571 -0.009884812 0.999706796 90.632609570 0.000000000 0.000000000 0.000000000 1.000000000
82 0.999374462 0.027637158 -0.022065167 2.271808974 -0.027418869 0.999572650 0.010135269 0.862239622 0.022335850 -0.009523926 0.999705159 91.883380234 0.000000000 0.000000000 0.000000000 1.000000000
83 0.999416413 0.025978743 -0.022179702 2.277663966 -0.025738579 0.999607678 0.011046105 0.894342149 0.022457967 -0.010468783 0.999692975 93.013308401 0.000000000 0.000000000 0.000000000 1.000000000
84 0.999488362 0.023281668 -0.021931208 2.285477837 -0.023029528 0.999666549 0.011680399 0.924079476 0.022195837 -0.011169356 0.999691248 94.141681802 0.000000000 0.000000000 0.000000000 1.000000000
85 0.999549261 0.020951689 -0.021501196 2.296088660 -0.020698761 0.999714702 0.011919595 0.957105425 0.021744800 -0.011469172 0.999697765 95.379326208 0.000000000 0.000000000 0.000000000 1.000000000
86 0.999623518 0.018594914 -0.020175529 2.307623450 -0.018358690 0.999761460 0.011831402 0.983664604 0.020390723 -0.011456550 0.999726446 96.503701203 0.000000000 0.000000000 0.000000000 1.000000000
87 0.999685043 0.017177919 -0.018295721 2.319706593 -0.016949315 0.999777235 0.012577789 1.011099254 0.018507708 -0.012263726 0.999753502 97.625507996 0.000000000 0.000000000 0.000000000 1.000000000
88 0.999722403 0.017352350 -0.015937770 2.332551929 -0.017173377 0.999788683 0.011298843 1.036152030 0.016130465 -0.011022000 0.999809144 98.855922773 0.000000000 0.000000000 0.000000000 1.000000000
89 0.999788803 0.015552631 -0.013433732 2.349538376 -0.015425256 0.999835567 0.009534191 1.060577136 0.013579806 -0.009324957 0.999864308 99.970277551 0.000000000 0.000000000 0.000000000 1.000000000
90 0.999826384 0.015028694 -0.011015469 2.369594241 -0.014947045 0.999860474 0.007457777 1.079946783 0.011126014 -0.007291833 0.999911517 101.194005381 0.000000000 0.000000000 0.000000000 1.000000000
91 0.999839671 0.015755550 -0.008508565 2.389623572 -0.015721095 0.999868003 0.004101666 1.093354929 0.008572067 -0.003967244 0.999955389 102.303495380 0.000000000 0.000000000 0.000000000 1.000000000
92 0.999861615 0.015468076 -0.006122911 2.414015652 -0.015449648 0.999876007 0.003046295 1.103844008 0.006169273 -0.002951276 0.999976615 103.415755724 0.000000000 0.000000000 0.000000000 1.000000000
93 0.999866871 0.015908454 -0.003627756 2.442469356 -0.015887843 0.999857861 0.005642252 1.113960773 0.003717000 -0.005583863 0.999977502 104.639553483 0.000000000 0.000000000 0.000000000 1.000000000
94 0.999850477 0.017221570 -0.001562752 2.468513328 -0.017208193 0.999818254 0.008205914 1.124591983 0.001703787 -0.008177794 0.999965110 105.749687208 0.000000000 0.000000000 0.000000000 1.000000000
95 0.999863847 0.016500775 -0.000108526 2.497100163 -0.016499290 0.999828733 0.008383190 1.136501294 0.000246837 -0.008380257 0.999964855 106.858365678 0.000000000 0.000000000 0.000000000 1.000000000
96 0.999873920 0.015863669 0.000699310 2.517536839 -0.015868618 0.999844079 0.007746259 1.155230787 -0.000576317 -0.007756378 0.999969753 108.077201201 0.000000000 0.000000000 0.000000000 1.000000000
97 0.999894624 0.014503019 0.000635315 2.535897345 -0.014507057 0.999871042 0.006887956 1.170279994 -0.000535337 -0.006896446 0.999976076 109.185125295 0.000000000 0.000000000 0.000000000 1.000000000
98 0.999889430 0.014870316 -0.000045865 2.540324543 -0.014869599 0.999863302 0.007229938 1.179321117 0.000153370 -0.007228456 0.999973863 110.296933364 0.000000000 0.000000000 0.000000000 1.000000000
99 0.999886996 0.015012145 -0.000793732 2.553473602 -0.015005628 0.999858020 0.007666192 1.189924032 0.000908706 -0.007653415 0.999970299 111.521923620 0.000000000 0.000000000 0.000000000 1.000000000
100 0.999850950 0.017194360 -0.001559383 2.554671413 -0.017181743 0.999822154 0.007774786 1.194332537 0.001692788 -0.007746833 0.999968560 112.639918084 0.000000000 0.000000000 0.000000000 1.000000000
101 0.999835896 0.018005946 -0.001991935 2.562188987 -0.017990404 0.999809541 0.007564866 1.204217585 0.002127768 -0.007527788 0.999969402 113.756974632 0.000000000 0.000000000 0.000000000 1.000000000
102 0.999760937 0.021686835 -0.002783811 2.564989134 -0.021665622 0.999737601 0.007438415 1.213178021 0.002944397 -0.007376323 0.999968460 114.987174462 0.000000000 0.000000000 0.000000000 1.000000000
103 0.999722108 0.023322909 -0.003427766 2.573001755 -0.023297751 0.999702598 0.007206256 1.224239422 0.003594818 -0.007124394 0.999968160 116.102652375 0.000000000 0.000000000 0.000000000 1.000000000
104 0.999677311 0.025078663 -0.004041500 2.583737890 -0.025047997 0.999658346 0.007469143 1.231394149 0.004227436 -0.007365501 0.999963938 117.219521806 0.000000000 0.000000000 0.000000000 1.000000000
105 0.999604985 0.027728992 -0.004580131 2.590481612 -0.027690941 0.999583116 0.008173525 1.223307127 0.004804866 -0.008043467 0.999956107 118.446660153 0.000000000 0.000000000 0.000000000 1.000000000
106 0.999535442 0.030101300 -0.004776182 2.594007169 -0.030058661 0.999509726 0.008762715 1.220787360 0.005037610 -0.008615077 0.999950200 119.550964513 0.000000000 0.000000000 0.000000000 1.000000000
107 0.999486679 0.031670937 -0.004830130 2.595273172 -0.031630206 0.999465263 0.008289580 1.216623517 0.005090086 -0.008132546 0.999953975 120.650548270 0.000000000 0.000000000 0.000000000 1.000000000
108 0.999370500 0.035144445 -0.004844856 2.601507410 -0.035107369 0.999355118 0.007538003 1.220783251 0.005106651 -0.007363166 0.999959852 121.858204939 0.000000000 0.000000000 0.000000000 1.000000000
109 0.999303376 0.036983734 -0.004996545 2.604645910 -0.036950459 0.999295323 0.006597035 1.217239142 0.005237007 -0.006407814 0.999965756 122.955272709 0.000000000 0.000000000 0.000000000 1.000000000
110 0.999284512 0.037484494 -0.005037602 2.606521294 -0.037456170 0.999282548 0.005605806 1.219310996 0.005244119 -0.005413106 0.999971598 124.048907075 0.000000000 0.000000000 0.000000000 1.000000000
111 0.999235924 0.038764075 -0.004991446 2.601819840 -0.038730173 0.999227107 0.006720301 1.221157438 0.005248095 -0.006521846 0.999964961 125.248542032 0.000000000 0.000000000 0.000000000 1.000000000
112 0.999202387 0.039614454 -0.005028445 2.603313687 -0.039572594 0.999183299 0.008169713 1.226791572 0.005347977 -0.007964207 0.999953984 126.336533914 0.000000000 0.000000000 0.000000000 1.000000000
113 0.999168862 0.040495165 -0.004661119 2.606890030 -0.040450851 0.999138802 0.009240294 1.233445673 0.005031293 -0.009044066 0.999946444 127.420607435 0.000000000 0.000000000 0.000000000 1.000000000
114 0.999081363 0.042641305 -0.004260125 2.589917890 -0.042606368 0.999060048 0.007982378 1.245254681 0.004596501 -0.007793536 0.999959066 128.591723254 0.000000000 0.000000000 0.000000000 1.000000000
115 0.999011775 0.044276968 -0.003876003 2.583185890 -0.044247636 0.998993524 0.007354365 1.258546988 0.004197731 -0.007175592 0.999965444 129.657065984 0.000000000 0.000000000 0.000000000 1.000000000
116 0.998992063 0.044768015 -0.003268537 2.575942505 -0.044740190 0.998965465 0.008143433 1.272702860 0.003629722 -0.007988989 0.999961500 130.824644283 0.000000000 0.000000000 0.000000000 1.000000000
117 0.998980906 0.045056083 -0.002664453 2.578170483 -0.045028928 0.998940493 0.009501985 1.298731988 0.003089753 -0.009372323 0.999951305 131.880068485 0.000000000 0.000000000 0.000000000 1.000000000
118 0.999033291 0.043911255 -0.002070244 2.567700401 -0.043884288 0.998968707 0.011648709 1.317328896 0.002579619 -0.011546596 0.999930008 132.932107302 0.000000000 0.000000000 0.000000000 1.000000000
119 0.999156554 0.041027833 -0.001702173 2.573889851 -0.040999995 0.999060585 0.014033795 1.335390619 0.002276351 -0.013952168 0.999900073 134.093501635 0.000000000 0.000000000 0.000000000 1.000000000
120 0.999196689 0.040047390 -0.001477312 2.551029550 -0.040023806 0.999107118 0.013530002 1.343481283 0.002017834 -0.013460004 0.999907374 135.146358597 0.000000000 0.000000000 0.000000000 1.000000000
121 0.999256508 0.038524285 -0.001520384 2.542408496 -0.038504119 0.999191085 0.011602053 1.357153134 0.001966115 -0.011534884 0.999931538 136.193665337 0.000000000 0.000000000 0.000000000 1.000000000
122 0.999321402 0.036811365 -0.001287616 2.530618971 -0.036794963 0.999261898 0.011035809 1.371621912 0.001692909 -0.010980941 0.999938275 137.343352845 0.000000000 0.000000000 0.000000000 1.000000000
123 0.999382889 0.035121032 -0.000595032 2.528509746 -0.035109302 0.999285709 0.013978843 1.386906767 0.001085559 -0.013949324 0.999902114 138.389493866 0.000000000 0.000000000 0.000000000 1.000000000
124 0.999340369 0.036314557 -0.000283314 2.529110749 -0.036305214 0.999209418 0.016200909 1.405963007 0.000871419 -0.016179934 0.999868717 139.430473197 0.000000000 0.000000000 0.000000000 1.000000000
125 0.999440521 0.033441600 -0.000551933 2.532186638 -0.033429720 0.999330544 0.014863301 1.422876877 0.001048616 -0.014836532 0.999889383 140.571401990 0.000000000 0.000000000 0.000000000 1.000000000
126 0.999461567 0.032798132 -0.000927004 2.539049603 -0.032781532 0.999360035 0.014314023 1.429655358 0.001395884 -0.014275926 0.999897119 141.612813394 0.000000000 0.000000000 0.000000000 1.000000000
127 0.999472574 0.032467200 -0.000674744 2.541609682 -0.032453531 0.999361762 0.014927731 1.434333961 0.001158975 -0.014897958 0.999888348 142.653166129 0.000000000 0.000000000 0.000000000 1.000000000
128 0.999500057 0.031615457 -0.000315629 2.551347237 -0.031606038 0.999365792 0.016403447 1.448004209 0.000834031 -0.016385268 0.999865405 143.786411499 0.000000000 0.000000000 0.000000000 1.000000000
129 0.999492497 0.031855092 0.000045248 2.557148158 -0.031850816 0.999332715 0.017878747 1.452411063 0.000524311 -0.017871112 0.999840161 144.821393388 0.000000000 0.000000000 0.000000000 1.000000000
130 0.999526083 0.030780309 0.000426453 2.564784545 -0.030783006 0.999364123 0.017993247 1.461660110 0.000127656 -0.017997845 0.999838018 145.846671188 0.000000000 0.000000000 0.000000000 1.000000000
131 0.999603196 0.028155070 0.000862117 2.573163029 -0.028165631 0.999460374 0.016901391 1.475454613 -0.000385793 -0.016918964 0.999856790 146.961747921 0.000000000 0.000000000 0.000000000 1.000000000
132 0.999679062 0.025298559 0.001325462 2.592090067 -0.025314798 0.999579473 0.014143477 1.494438745 -0.000967095 -0.014172490 0.999899098 147.961533135 0.000000000 0.000000000 0.000000000 1.000000000
133 0.999718623 0.023660129 0.001695210 2.614795999 -0.023676753 0.999663848 0.010564185 1.516008066 -0.001444690 -0.010601349 0.999942760 148.955264932 0.000000000 0.000000000 0.000000000 1.000000000
134 0.999793512 0.020204587 0.002170035 2.644617197 -0.020219517 0.999770414 0.007091595 1.538648621 -0.002026255 -0.007134007 0.999972500 150.044427539 0.000000000 0.000000000 0.000000000 1.000000000
135 0.999795724 0.020071364 0.002377214 2.669345336 -0.020083069 0.999785788 0.005004930 1.553046500 -0.002276249 -0.005051648 0.999984650 151.032766486 0.000000000 0.000000000 0.000000000 1.000000000
136 0.999789175 0.020250965 0.003391849 2.693351823 -0.020266226 0.999784376 0.004525541 1.565708222 -0.003299471 -0.004593327 0.999984007 152.116365026 0.000000000 0.000000000 0.000000000 1.000000000
137 0.999749815 0.021994963 0.004065601 2.709473638 -0.022021037 0.999736491 0.006482454 1.577384200 -0.003921949 -0.006570360 0.999970724 153.096856336 0.000000000 0.000000000 0.000000000 1.000000000
138 0.999710444 0.023428595 0.005489023 2.728406481 -0.023480937 0.999677492 0.009672511 1.591465972 -0.005260640 -0.009798596 0.999938155 154.076474359 0.000000000 0.000000000 0.000000000 1.000000000
139 0.999607574 0.027136596 0.006950122 2.746594629 -0.027208616 0.999574785 0.010485288 1.607199886 -0.006662633 -0.010670276 0.999920874 155.141502086 0.000000000 0.000000000 0.000000000 1.000000000
140 0.999544950 0.028839357 0.008842204 2.767000215 -0.028922731 0.999536979 0.009450024 1.623804259 -0.008565579 -0.009701463 0.999916253 156.102491644 0.000000000 0.000000000 0.000000000 1.000000000
141 0.999481111 0.030443242 0.010522215 2.788236157 -0.030519742 0.999508325 0.007187087 1.638722579 -0.010298245 -0.007504492 0.999918811 157.052080289 0.000000000 0.000000000 0.000000000 1.000000000
142 0.999429563 0.031295558 0.012693928 2.814233693 -0.031368010 0.999492502 0.005548553 1.652585456 -0.012513843 -0.005943570 0.999904034 158.086159865 0.000000000 0.000000000 0.000000000 1.000000000
143 0.999379130 0.032107583 0.014507163 2.839120572 -0.032181228 0.999470180 0.004871220 1.663044478 -0.014343075 -0.005335054 0.999882900 159.013696202 0.000000000 0.000000000 0.000000000 1.000000000
144 0.999339992 0.032431930 0.016363092 2.865416337 -0.032532392 0.999453205 0.005910615 1.672460442 -0.016162454 -0.006439044 0.999848645 159.930692522 0.000000000 0.000000000 0.000000000 1.000000000
145 0.999336452 0.031415898 0.018430870 2.898319015 -0.031575042 0.999466022 0.008407629 1.683062559 -0.018156897 -0.008984005 0.999794786 160.925704149 0.000000000 0.000000000 0.000000000 1.000000000
146 0.999338377 0.030117877 0.020389251 2.930054698 -0.030347574 0.999478314 0.011051022 1.693946382 -0.020045784 -0.011662473 0.999731040 161.816781258 0.000000000 0.000000000 0.000000000 1.000000000
147 0.999309847 0.029556772 0.022499493 2.961682959 -0.029860585 0.999465736 0.013288668 1.706165622 -0.022094705 -0.013951343 0.999658534 162.694547937 0.000000000 0.000000000 0.000000000 1.000000000
148 0.999277273 0.028971161 0.024609013 2.999221062 -0.029306901 0.999480728 0.013393272 1.719243112 -0.024208218 -0.014104804 0.999607431 163.642018666 0.000000000 0.000000000 0.000000000 1.000000000
149 0.999230397 0.028911437 0.026509302 3.032027130 -0.029247689 0.999495463 0.012385166 1.740956797 -0.026137857 -0.013150968 0.999571841 164.488481028 0.000000000 0.000000000 0.000000000 1.000000000
150 0.999185386 0.028841373 0.028226589 3.068361165 -0.029156216 0.999516450 0.010806498 1.760804826 -0.027901269 -0.011620674 0.999543135 165.403699162 0.000000000 0.000000000 0.000000000 1.000000000
151 0.999145079 0.028816376 0.029643346 3.101905630 -0.029113375 0.999529665 0.009636405 1.778774837 -0.029351721 -0.010491183 0.999514088 166.220546504 0.000000000 0.000000000 0.000000000 1.000000000
152 0.999069057 0.029911577 0.031085641 3.134830615 -0.030210194 0.999501402 0.009181046 1.793133234 -0.030795526 -0.010111601 0.999474558 167.023535054 0.000000000 0.000000000 0.000000000 1.000000000
153 0.999003646 0.030407283 0.032666676 3.172264789 -0.030724211 0.999485155 0.009243789 1.806460481 -0.032368783 -0.010238236 0.999423554 167.888981020 0.000000000 0.000000000 0.000000000 1.000000000
154 0.999002971 0.029110520 0.033847318 3.209189385 -0.029478233 0.999511153 0.010415775 1.817743710 -0.033527567 -0.011403148 0.999372739 168.659939574 0.000000000 0.000000000 0.000000000 1.000000000
155 0.999027606 0.027273675 0.034640857 3.246971980 -0.027692353 0.999548438 0.011664243 1.829161218 -0.034307091 -0.012612186 0.999331755 169.414860547 0.000000000 0.000000000 0.000000000 1.000000000
156 0.998986583 0.027335057 0.035757537 3.285870604 -0.027764381 0.999547589 0.011565309 1.841518007 -0.035425226 -0.012546373 0.999293572 170.223503289 0.000000000 0.000000000 0.000000000 1.000000000
157 0.998943106 0.027665731 0.036705285 3.319333990 -0.028048908 0.999556876 0.009965441 1.852005640 -0.036413323 -0.010984450 0.999276444 170.939041391 0.000000000 0.000000000 0.000000000 1.000000000
158 0.998927131 0.027367260 0.037358003 3.354617634 -0.027680076 0.999585759 0.007881805 1.861735295 -0.037126829 -0.008907420 0.999270863 171.634252398 0.000000000 0.000000000 0.000000000 1.000000000
159 0.998934476 0.025525300 0.038449592 3.395028884 -0.025806329 0.999643627 0.006830286 1.872924772 -0.038261549 -0.007815250 0.999237197 172.379445399 0.000000000 0.000000000 0.000000000 1.000000000
160 0.998887016 0.025720020 0.039537449 3.429004879 -0.026029803 0.999634218 0.007340218 1.881617338 -0.039334201 -0.008361199 0.999191128 173.036252851 0.000000000 0.000000000 0.000000000 1.000000000
161 0.998808028 0.026601510 0.040925321 3.461130542 -0.026971191 0.999600010 0.008507350 1.889031999 -0.040682647 -0.009601013 0.999125990 173.675755011 0.000000000 0.000000000 0.000000000 1.000000000
162 0.998733874 0.026800975 0.042571784 3.498089409 -0.027228512 0.999584144 0.009494584 1.895759923 -0.042299621 -0.010641728 0.999048295 174.358118557 0.000000000 0.000000000 0.000000000 1.000000000
163 0.998669018 0.026505406 0.044245414 3.532630835 -0.026957861 0.999589889 0.009660634 1.902443649 -0.043971214 -0.010840536 0.998973981 174.958998192 0.000000000 0.000000000 0.000000000 1.000000000
164 0.998556717 0.027153801 0.046337385 3.566402502 -0.027573483 0.999584133 0.008441812 1.909017862 -0.046088893 -0.009707311 0.998890175 175.543185219 0.000000000 0.000000000 0.000000000 1.000000000
165 0.998399138 0.027506472 0.049422212 3.604682371 -0.027843276 0.999593449 0.006139088 1.916014164 -0.049233261 -0.007505336 0.998759108 176.165998379 0.000000000 0.000000000 0.000000000 1.000000000
166 0.998299420 0.026092685 0.052129057 3.638134923 -0.026371364 0.999641330 0.004665040 1.922525771 -0.051988642 -0.006031821 0.998629460 176.713447449 0.000000000 0.000000000 0.000000000 1.000000000
167 0.998146375 0.025082960 0.055449608 3.679596650 -0.025378789 0.999667151 0.004637158 1.928565451 -0.055314845 -0.006035806 0.998450719 177.304704323 0.000000000 0.000000000 0.000000000 1.000000000
168 0.997977349 0.024842732 0.058515368 3.721953889 -0.025194759 0.999668588 0.005285681 1.932935405 -0.058364671 -0.006749270 0.998272514 177.833008490 0.000000000 0.000000000 0.000000000 1.000000000
169 0.997757059 0.026319029 0.061548022 3.765892131 -0.026704319 0.999628543 0.005445578 1.920187500 -0.061381845 -0.007076962 0.998089268 178.353685959 0.000000000 0.000000000 0.000000000 1.000000000
170 0.997539359 0.026855684 0.064761096 3.803839688 -0.027307896 0.999608412 0.006107468 1.925312224 -0.064571724 -0.007860929 0.997882107 178.891330872 0.000000000 0.000000000 0.000000000 1.000000000
171 0.997370265 0.026477190 0.067464894 3.851198375 -0.027026688 0.999608457 0.007245033 1.930911453 -0.067246659 -0.009049333 0.997695343 179.356092884 0.000000000 0.000000000 0.000000000 1.000000000
172 0.997185736 0.026410237 0.070164854 3.907727764 -0.026987780 0.999609139 0.007295804 1.931883922 -0.069944754 -0.009168864 0.997508729 179.804790062 0.000000000 0.000000000 0.000000000 1.000000000
173 0.997016654 0.024405439 0.073226813 3.985323415 -0.025005274 0.999660770 0.007285701 1.926300570 -0.073024170 -0.009095020 0.997288700 180.286275402 0.000000000 0.000000000 0.000000000 1.000000000
174 0.996890664 0.023761974 0.075129040 4.039217967 -0.024487837 0.999661791 0.008754965 1.914311907 -0.074895604 -0.010567489 0.997135386 180.724870605 0.000000000 0.000000000 0.000000000 1.000000000
175 0.996738057 0.025902675 0.076434916 4.086929905 -0.026611690 0.999611621 0.008271904 1.900802249 -0.076190975 -0.010278982 0.997040259 181.147716472 0.000000000 0.000000000 0.000000000 1.000000000
176 0.996587725 0.028381322 0.077507456 4.137957334 -0.028993798 0.999556543 0.006787991 1.884627855 -0.077280442 -0.009012064 0.996968664 181.594594971 0.000000000 0.000000000 0.000000000 1.000000000
177 0.996576163 0.029382974 0.077282537 4.178028636 -0.029962388 0.999530868 0.006348202 1.874995676 -0.077059761 -0.008642035 0.996989022 181.947252611 0.000000000 0.000000000 0.000000000 1.000000000
178 0.996774397 0.030620025 0.074183661 4.214234016 -0.031216010 0.999488931 0.006887446 1.871972866 -0.073934863 -0.009180947 0.997220812 182.319595611 0.000000000 0.000000000 0.000000000 1.000000000
179 0.996961379 0.031860086 0.071084060 4.250432760 -0.032468993 0.999445151 0.007426638 1.868951521 -0.070808014 -0.009712098 0.997442681 182.691922921 0.000000000 0.000000000 0.000000000 1.000000000
180 0.997137097 0.033103118 0.067983764 4.286624917 -0.033721333 0.999399529 0.007965775 1.865931638 -0.067679258 -0.010235472 0.997654627 183.064234507 0.000000000 0.000000000 0.000000000 1.000000000
181 0.997301540 0.034349083 0.064882806 4.322810556 -0.034973028 0.999352067 0.008504856 1.862913216 -0.064548640 -0.010751053 0.997856647 183.436530346 0.000000000 0.000000000 0.000000000 1.000000000
182 0.997454694 0.035597943 0.061781217 4.358989725 -0.036224075 0.999302769 0.009043878 1.859896250 -0.061416205 -0.011258825 0.998048741 183.808810407 0.000000000 0.000000000 0.000000000 1.000000000
183 0.997653609 0.037513569 0.057271350 4.374044772 -0.038182340 0.999214275 0.010627418 1.855950185 -0.056827685 -0.012789235 0.998302084 184.034401344 0.000000000 0.000000000 0.000000000 1.000000000
184 0.997998700 0.038734914 0.049982002 4.391791341 -0.039349072 0.999160925 0.011362104 1.854778824 -0.049499959 -0.013306109 0.998685487 184.326096342 0.000000000 0.000000000 0.000000000 1.000000000
185 0.998305416 0.040108137 0.042161997 4.403176861 -0.040635873 0.999105111 0.011734678 1.857369067 -0.041653616 -0.013428081 0.999041873 184.572350674 0.000000000 0.000000000 0.000000000 1.000000000
186 0.998597549 0.040917646 0.033595855 4.411181058 -0.041341464 0.999072791 0.012018379 1.858736963 -0.033072945 -0.013390424 0.999363236 184.801925127 0.000000000 0.000000000 0.000000000 1.000000000
187 0.998823410 0.042501344 0.023354487 4.415522571 -0.042791511 0.999011139 0.012067746 1.859257342 -0.022818500 -0.013052919 0.999654409 185.034577488 0.000000000 0.000000000 0.000000000 1.000000000
188 0.998944914 0.043790103 0.013837851 4.415899853 -0.043961448 0.998957140 0.012329804 1.862337995 -0.013283499 -0.012925125 0.999828230 185.230294507 0.000000000 0.000000000 0.000000000 1.000000000
189 0.998976901 0.044990569 0.004582614 4.415168673 -0.045045413 0.998904692 0.012662075 1.864318952 -0.004007922 -0.012855545 0.999909332 185.409979097 0.000000000 0.000000000 0.000000000 1.000000000
190 0.998914887 0.046261477 -0.005378211 4.411299486 -0.046186909 0.998844933 0.013250265 1.868204495 0.005984976 -0.012987482 0.999897747 185.591317395 0.000000000 0.000000000 0.000000000 1.000000000
191 0.998752989 0.047792474 -0.014434189 4.405866950 -0.047590453 0.998768390 0.014030379 1.868457979 0.015086960 -0.013325952 0.999797381 185.738687552 0.000000000 0.000000000 0.000000000 1.000000000
192 0.998497135 0.048853998 -0.024834625 4.397970319 -0.048535179 0.998733145 0.013283124 1.869659491 0.025452099 -0.012057806 0.999603321 185.879350611 0.000000000 0.000000000 0.000000000 1.000000000
193 0.998041201 0.050400153 -0.037061909 4.386618382 -0.050000777 0.998681511 0.011625890 1.870936713 0.037598995 -0.009749991 0.999245342 186.030502157 0.000000000 0.000000000 0.000000000 1.000000000
194 0.997524016 0.050820502 -0.048611859 4.374917566 -0.050335260 0.998670072 0.011155640 1.874084380 0.049114150 -0.008681127 0.998755445 186.168650154 0.000000000 0.000000000 0.000000000 1.000000000
195 0.996798064 0.051162679 -0.061449154 4.361553386 -0.050502076 0.998648740 0.012257057 1.878371363 0.061993231 -0.009114499 0.998034952 186.308027429 0.000000000 0.000000000 0.000000000 1.000000000
196 0.995811997 0.051632367 -0.075449092 4.343861408 -0.050713800 0.998614511 0.014041691 1.880357586 0.076069572 -0.010156573 0.997050783 186.461891256 0.000000000 0.000000000 0.000000000 1.000000000
197 0.994710795 0.052659093 -0.088189874 4.324437771 -0.051506508 0.998555511 0.015296095 1.882787483 0.088867974 -0.010672836 0.995986232 186.599887300 0.000000000 0.000000000 0.000000000 1.000000000
198 0.993368980 0.053460615 -0.101784237 4.303319006 -0.052048924 0.998508595 0.016477106 1.885080239 0.102513323 -0.011070084 0.994670032 186.733509598 0.000000000 0.000000000 0.000000000 1.000000000
199 0.991652473 0.054041265 -0.117067980 4.276498547 -0.052317406 0.998472732 0.017750866 1.877811706 0.117848479 -0.011477996 0.992965253 186.888424221 0.000000000 0.000000000 0.000000000 1.000000000
200 0.989850038 0.053850807 -0.131518024 4.259750958 -0.051916406 0.998487472 0.018095715 1.860089600 0.132293584 -0.011084099 0.991148603 187.030787131 0.000000000 0.000000000 0.000000000 1.000000000
201 0.987596554 0.053686973 -0.147549153 4.222532772 -0.051638448 0.998509293 0.017682255 1.849481126 0.148278524 -0.009843723 0.988896649 187.174887469 0.000000000 0.000000000 0.000000000 1.000000000
202 0.984513321 0.052758902 -0.167182580 4.191214283 -0.050739301 0.998578387 0.016331811 1.833846256 0.167806579 -0.007596156 0.985790674 187.344817082 0.000000000 0.000000000 0.000000000 1.000000000
203 0.981033371 0.051905811 -0.186760026 4.142004811 -0.049995424 0.998637879 0.014927938 1.831914171 0.187280505 -0.005307657 0.982292138 187.501313119 0.000000000 0.000000000 0.000000000 1.000000000
204 0.976685293 0.051097787 -0.208506235 4.085106915 -0.049120576 0.998685363 0.014653185 1.840668957 0.208980895 -0.004069603 0.977911258 187.666464834 0.000000000 0.000000000 0.000000000 1.000000000
205 0.970736356 0.050447816 -0.234789135 4.002905806 -0.048124751 0.998719234 0.015617293 1.850325275 0.235276311 -0.003861104 0.971920859 187.866645705 0.000000000 0.000000000 0.000000000 1.000000000
206 0.964012949 0.050172581 -0.261078032 3.925323165 -0.047380729 0.998732553 0.016980998 1.850643541 0.261599141 -0.003999833 0.965168327 188.078858509 0.000000000 0.000000000 0.000000000 1.000000000
207 0.955779183 0.050472106 -0.289721779 3.819296155 -0.047191937 0.998718166 0.018301525 1.860050002 0.290274155 -0.003819683 0.956935909 188.293063974 0.000000000 0.000000000 0.000000000 1.000000000
208 0.944903605 0.050330178 -0.323456395 3.699107609 -0.046184616 0.998722864 0.020484681 1.866495742 0.324074332 -0.004417338 0.946021314 188.550272561 0.000000000 0.000000000 0.000000000 1.000000000
209 0.933361083 0.049449325 -0.355516299 3.561014140 -0.044344317 0.998762914 0.022499401 1.878019227 0.356189117 -0.005234935 0.934399231 188.785669786 0.000000000 0.000000000 0.000000000 1.000000000
210 0.920066059 0.047909122 -0.388822770 3.413722098 -0.041601686 0.998830641 0.024630273 1.891629009 0.389548157 -0.006485792 0.920983271 189.033758184 0.000000000 0.000000000 0.000000000 1.000000000
211 0.903084167 0.046192819 -0.426972118 3.225231918 -0.038544041 0.998904277 0.026544361 1.906177958 0.427730484 -0.007514558 0.903875094 189.309215587 0.000000000 0.000000000 0.000000000 1.000000000
212 0.885332652 0.045338051 -0.462742404 3.041491685 -0.036562809 0.998941254 0.027920092 1.921455667 0.463518374 -0.007799403 0.886052995 189.564975758 0.000000000 0.000000000 0.000000000 1.000000000
213 0.865411483 0.045267574 -0.499012809 2.841146003 -0.034929885 0.998938160 0.030040898 1.940448850 0.499842874 -0.008567275 0.866073745 189.823935378 0.000000000 0.000000000 0.000000000 1.000000000
214 0.840936828 0.045671172 -0.539202523 2.596375273 -0.033309074 0.998911306 0.032660518 1.970594012 0.540107204 -0.009505092 0.841542569 190.105425712 0.000000000 0.000000000 0.000000000 1.000000000
215 0.816483366 0.046024483 -0.575531599 2.359833474 -0.031829781 0.998889929 0.034724272 1.998272561 0.576490952 -0.010032742 0.817041960 190.367336546 0.000000000 0.000000000 0.000000000 1.000000000
216 0.790166642 0.047162175 -0.611074761 2.102645227 -0.031093329 0.998835741 0.036883154 2.022125847 0.612102873 -0.010143485 0.790713112 190.636007479 0.000000000 0.000000000 0.000000000 1.000000000
217 0.759512168 0.048587452 -0.648675941 1.800542843 -0.030733238 0.998773247 0.038826149 2.048419844 0.649766716 -0.009553016 0.760073683 190.931811420 0.000000000 0.000000000 0.000000000 1.000000000
218 0.730466138 0.048735482 -0.681207766 1.496162278 -0.029837032 0.998775556 0.039460614 2.073611387 0.682296877 -0.008499420 0.731025844 191.194643759 0.000000000 0.000000000 0.000000000 1.000000000
219 0.701006902 0.048266693 -0.711519213 1.174800440 -0.027386041 0.998793063 0.040772819 2.095543189 0.712628507 -0.009096329 0.701482663 191.457011583 0.000000000 0.000000000 0.000000000 1.000000000
220 0.668492446 0.047899156 -0.742174815 0.804159227 -0.023178500 0.998780902 0.043582885 2.114825067 0.743357702 -0.011932326 0.668787717 191.751986444 0.000000000 0.000000000 0.000000000 1.000000000
221 0.638622263 0.048158860 -0.768011889 0.449069526 -0.018638753 0.998715010 0.047126697 2.138014467 0.769294659 -0.015781368 0.638699260 192.020481357 0.000000000 0.000000000 0.000000000 1.000000000
222 0.608394686 0.048821149 -0.792131510 0.073583874 -0.014753676 0.998629370 0.050216642 2.160953157 0.793497517 -0.018864680 0.608281092 192.288143227 0.000000000 0.000000000 0.000000000 1.000000000
223 0.573988624 0.049740196 -0.817351145 -0.367850373 -0.011243879 0.998538083 0.052870337 2.184287890 0.818786122 -0.021156768 0.573708772 192.575276176 0.000000000 0.000000000 0.000000000 1.000000000
224 0.540844387 0.049084833 -0.839689196 -0.795653115 -0.005011606 0.998466148 0.055138322 2.195514389 0.841107791 -0.025613053 0.540260805 192.834378652 0.000000000 0.000000000 0.000000000 1.000000000
225 0.505800403 0.051090629 -0.861136234 -1.243410205 -0.000275949 0.998254180 0.059063671 2.194217035 0.862650546 -0.029636791 0.504931464 193.093782303 0.000000000 0.000000000 0.000000000 1.000000000
226 0.466318076 0.052126910 -0.883079920 -1.756938269 0.006223884 0.998044320 0.062199676 2.208093630 0.884595279 -0.034501011 0.465081674 193.361330700 0.000000000 0.000000000 0.000000000 1.000000000
227 0.430245425 0.051955315 -0.901215526 -2.252454490 0.010110425 0.998002392 0.062361888 2.220927905 0.902655388 -0.035942580 0.428860672 193.586776313 0.000000000 0.000000000 0.000000000 1.000000000
228 0.394626466 0.051409908 -0.917402243 -2.766361381 0.009953133 0.998135776 0.060215514 2.244139834 0.918787781 -0.032893653 0.393379103 193.790463223 0.000000000 0.000000000 0.000000000 1.000000000
229 0.357688198 0.049716112 -0.932516680 -3.358044032 0.011961218 0.998256007 0.057808942 2.269528547 0.933764523 -0.031831603 0.356469726 194.003470531 0.000000000 0.000000000 0.000000000 1.000000000
230 0.327384639 0.046557253 -0.943743406 -3.922451065 0.015841183 0.998374554 0.054747662 2.295838341 0.944758413 -0.032873546 0.326114970 194.185750486 0.000000000 0.000000000 0.000000000 1.000000000
231 0.296578751 0.041660945 -0.954099210 -4.567270680 0.019316951 0.998581950 0.049607916 2.335087138 0.954813074 -0.033142932 0.295353424 194.366101001 0.000000000 0.000000000 0.000000000 1.000000000
232 0.270037572 0.039325279 -0.962046321 -5.180526203 0.020609695 0.998700598 0.046608545 2.370498260 0.962629243 -0.032413531 0.268876202 194.512246342 0.000000000 0.000000000 0.000000000 1.000000000
233 0.244826391 0.039823087 -0.968748703 -5.809531251 0.018990368 0.998767518 0.045856431 2.398951093 0.969380996 -0.029623750 0.243768391 194.647379826 0.000000000 0.000000000 0.000000000 1.000000000
234 0.216798991 0.038722584 -0.975447922 -6.525814658 0.020615830 0.998808552 0.044231933 2.426926332 0.975998615 -0.029699098 0.215742387 194.784114674 0.000000000 0.000000000 0.000000000 1.000000000
235 0.190875322 0.039749629 -0.980809087 -7.193521907 0.022018669 0.998754996 0.044761993 2.456255184 0.981367364 -0.030140062 0.189762447 194.900248211 0.000000000 0.000000000 0.000000000 1.000000000
236 0.166064789 0.041468699 -0.985242467 -7.874927732 0.023689186 0.998659303 0.046026285 2.475986970 0.985830321 -0.030982928 0.164859786 195.008543311 0.000000000 0.000000000 0.000000000 1.000000000
237 0.141304358 0.043703105 -0.989001012 -8.630699082 0.021775364 0.998646168 0.047240499 2.508780734 0.989726744 -0.028211137 0.140161403 195.109552067 0.000000000 0.000000000 0.000000000 1.000000000
238 0.121426714 0.046015956 -0.991533141 -9.331932715 0.019299087 0.998626566 0.048708600 2.537378444 0.992412824 -0.025050202 0.120371875 195.187945819 0.000000000 0.000000000 0.000000000 1.000000000
239 0.103976711 0.047381093 -0.993450431 -10.041673179 0.017492147 0.998622990 0.049458567 2.571333349 0.994425957 -0.022520112 0.103004736 195.256788243 0.000000000 0.000000000 0.000000000 1.000000000
240 0.087755337 0.047314907 -0.995017680 -10.836472969 0.016797434 0.998659018 0.048969515 2.605853937 0.996000484 -0.021011072 0.086842889 195.326731234 0.000000000 0.000000000 0.000000000 1.000000000
241 0.075750096 0.046990999 -0.996018902 -11.569160483 0.016787489 0.998687257 0.048393636 2.639947426 0.996985566 -0.020386471 0.074861793 195.383401354 0.000000000 0.000000000 0.000000000 1.000000000
242 0.065865607 0.046289240 -0.996754188 -12.388627063 0.016571937 0.998734886 0.047476309 2.679425271 0.997690939 -0.019645196 0.065015176 195.438466869 0.000000000 0.000000000 0.000000000 1.000000000
243 0.058681159 0.047127477 -0.997163680 -13.148566906 0.016292799 0.998706781 0.048159217 2.722081446 0.998143869 -0.019072619 0.057837432 195.479485375 0.000000000 0.000000000 0.000000000 1.000000000
244 0.053109248 0.048317722 -0.997419014 -13.917742614 0.017133856 0.998637581 0.049289084 2.764627354 0.998441764 -0.019707332 0.052209020 195.520453964 0.000000000 0.000000000 0.000000000 1.000000000
245 0.048220721 0.049234355 -0.997622485 -14.768305465 0.017666630 0.998586144 0.050135852 2.808022513 0.998680514 -0.020042207 0.047282737 195.568340796 0.000000000 0.000000000 0.000000000 1.000000000
246 0.044183806 0.051636531 -0.997687999 -15.546446865 0.018414015 0.998451582 0.052491549 2.851622897 0.998853759 -0.020690711 0.043164554 195.610321928 0.000000000 0.000000000 0.000000000 1.000000000
247 0.040187203 0.053962880 -0.997733872 -16.329336676 0.020191955 0.998292814 0.054806423 2.893630178 0.998988183 -0.022348706 0.039028979 195.651643466 0.000000000 0.000000000 0.000000000 1.000000000
248 0.036163113 0.055087234 -0.997826392 -17.195832986 0.021398186 0.998207953 0.055883821 2.944840089 0.999116842 -0.023372600 0.034919539 195.692602549 0.000000000 0.000000000 0.000000000 1.000000000
249 0.033320816 0.053295699 -0.998022632 -17.990238800 0.021841988 0.998299872 0.054039750 2.987067735 0.999206069 -0.023599439 0.032100081 195.725268373 0.000000000 0.000000000 0.000000000 1.000000000
250 0.031308576 0.049075950 -0.998304166 -18.798746269 0.021034070 0.998540325 0.049747236 3.026942528 0.999288476 -0.022555907 0.030230607 195.752342864 0.000000000 0.000000000 0.000000000 1.000000000
251 0.030440454 0.044061705 -0.998564884 -19.703312924 0.020455990 0.998791212 0.044695287 3.063029955 0.999327298 -0.021787170 0.029502331 195.778785783 0.000000000 0.000000000 0.000000000 1.000000000
252 0.030434516 0.040990483 -0.998695851 -20.534479128 0.020409598 0.998924957 0.041621864 3.098528393 0.999328427 -0.021649715 0.029565197 195.802325429 0.000000000 0.000000000 0.000000000 1.000000000
253 0.030702741 0.040255218 -0.998717549 -21.460690544 0.018044641 0.999003502 0.040821485 3.132496377 0.999365724 -0.019274823 0.029945753 195.823007481 0.000000000 0.000000000 0.000000000 1.000000000
254 0.032005927 0.040925805 -0.998649379 -22.308406100 0.016607647 0.999001610 0.041472512 3.163309896 0.999349750 -0.017912575 0.031294290 195.852736906 0.000000000 0.000000000 0.000000000 1.000000000
255 0.033656706 0.044848677 -0.998426615 -23.158844903 0.015867698 0.998842755 0.045402276 3.200556074 0.999307540 -0.017370815 0.032906111 195.885451105 0.000000000 0.000000000 0.000000000 1.000000000
256 0.035632927 0.049249847 -0.998150605 -24.095441045 0.013853169 0.998664639 0.049769765 3.239232073 0.999268983 -0.015600984 0.034903077 195.924117688 0.000000000 0.000000000 0.000000000 1.000000000
257 0.037477620 0.051637244 -0.997962377 -24.955692800 0.012708082 0.998558645 0.052145349 3.277520996 0.999216718 -0.014636464 0.036767390 195.956980338 0.000000000 0.000000000 0.000000000 1.000000000
258 0.039236038 0.051201568 -0.997917239 -25.814549401 0.012823935 0.998578264 0.051739706 3.316443091 0.999147735 -0.014827280 0.038523648 195.996772732 0.000000000 0.000000000 0.000000000 1.000000000
259 0.041069658 0.049791584 -0.997914808 -26.762688355 0.014021367 0.998630463 0.050404359 3.373458817 0.999057957 -0.016062212 0.040315264 196.048605278 0.000000000 0.000000000 0.000000000 1.000000000
260 0.042966837 0.049106288 -0.997868882 -27.638408486 0.015939480 0.998630509 0.049830111 3.420789815 0.998949399 -0.018046546 0.042125264 196.093547572 0.000000000 0.000000000 0.000000000 1.000000000
261 0.044548737 0.049688512 -0.997770687 -28.518605355 0.015721407 0.998603754 0.050431943 3.470337278 0.998883559 -0.017933031 0.043705361 196.140027555 0.000000000 0.000000000 0.000000000 1.000000000
262 0.046768270 0.050442726 -0.997631266 -29.491914251 0.016306992 0.998552519 0.051253779 3.523349731 0.998772711 -0.018665409 0.045878003 196.196817120 0.000000000 0.000000000 0.000000000 1.000000000
263 0.048502023 0.050414545 -0.997549904 -30.387222422 0.016437581 0.998549837 0.051264305 3.569412585 0.998687877 -0.018883722 0.047602993 196.250300948 0.000000000 0.000000000 0.000000000 1.000000000
264 0.050904912 0.048808159 -0.997510068 -31.368190331 0.017181077 0.998614462 0.049738992 3.624033248 0.998555766 -0.019670249 0.049995803 196.317441258 0.000000000 0.000000000 0.000000000 1.000000000
265 0.052653842 0.047313027 -0.997491320 -32.265793789 0.016480872 0.998699781 0.048240321 3.675654686 0.998476875 -0.018979558 0.051805620 196.376618670 0.000000000 0.000000000 0.000000000 1.000000000
266 0.054594126 0.047252660 -0.997389869 -33.172673888 0.016148060 0.998707214 0.048198978 3.728579514 0.998378104 -0.018737285 0.053760508 196.437380681 0.000000000 0.000000000 0.000000000 1.000000000
267 0.056220819 0.048893183 -0.997220417 -34.094464186 0.015640363 0.998634531 0.049844292 3.780301489 0.998295906 -0.018399169 0.055379343 196.495891499 0.000000000 0.000000000 0.000000000 1.000000000
268 0.058141380 0.050722505 -0.997018902 -35.116101449 0.014460567 0.998560847 0.051644232 3.836515377 0.998203681 -0.017420118 0.057324228 196.562880665 0.000000000 0.000000000 0.000000000 1.000000000
269 0.059846274 0.051148516 -0.996896251 -36.048730830 0.012885840 0.998563549 0.052007643 3.885856192 0.998124489 -0.015958302 0.059101215 196.628862034 0.000000000 0.000000000 0.000000000 1.000000000
270 0.061485935 0.050194080 -0.996844982 -37.079780872 0.012076978 0.998624168 0.051028592 3.944761541 0.998034941 -0.015176408 0.060795147 196.701095975 0.000000000 0.000000000 0.000000000 1.000000000
271 0.062835618 0.050143659 -0.996763353 -38.020694461 0.010602156 0.998647132 0.050906792 3.995506364 0.997967633 -0.013766593 0.062218978 196.771383073 0.000000000 0.000000000 0.000000000 1.000000000
272 0.064768317 0.051632772 -0.996563598 -38.970208798 0.009268147 0.998586317 0.052339934 4.048998360 0.997857346 -0.012626261 0.064198213 196.841367175 0.000000000 0.000000000 0.000000000 1.000000000
273 0.066847483 0.054487668 -0.996274255 -40.020495071 0.005677828 0.998470829 0.054988781 4.107774417 0.997747109 -0.009332530 0.066435889 196.921178384 0.000000000 0.000000000 0.000000000 1.000000000
274 0.069252782 0.056399889 -0.996003508 -40.982046535 0.003931450 0.998377399 0.056807682 4.164645874 0.997591456 -0.007849822 0.068918677 196.994630140 0.000000000 0.000000000 0.000000000 1.000000000
275 0.072169737 0.057038082 -0.995760046 -41.946252066 0.005433538 0.998326173 0.057578891 4.223628116 0.997377623 -0.009565948 0.071739017 197.074911286 0.000000000 0.000000000 0.000000000 1.000000000
276 0.075739825 0.057397638 -0.995474195 -43.004846269 0.005761104 0.998300023 0.057998912 4.290701108 0.997111029 -0.010127851 0.075280394 197.170959749 0.000000000 0.000000000 0.000000000 1.000000000
277 0.078833067 0.057777878 -0.995212011 -43.971053455 0.007509070 0.998256269 0.058549438 4.355334692 0.996859608 -0.012088742 0.078261744 197.259282661 0.000000000 0.000000000 0.000000000 1.000000000
278 0.081588999 0.055328562 -0.995129071 -44.941189946 0.009091878 0.998375066 0.056254477 4.420660249 0.996624648 -0.013637332 0.080953381 197.352658384 0.000000000 0.000000000 0.000000000 1.000000000
279 0.084665827 0.052580453 -0.995021044 -46.011916162 0.007578012 0.998543836 0.053411430 4.489130139 0.996380644 -0.012062398 0.084144083 197.452782007 0.000000000 0.000000000 0.000000000 1.000000000
280 0.087497272 0.047732520 -0.995020461 -46.985110036 0.003559630 0.998829996 0.048228296 4.546998741 0.996158458 -0.007761743 0.087224989 197.543241909 0.000000000 0.000000000 0.000000000 1.000000000
281 0.090317749 0.044629946 -0.994912436 -47.959645302 -0.000457982 0.998997144 0.044771613 4.602925780 0.995912953 -0.003588014 0.090247612 197.635063900 0.000000000 0.000000000 0.000000000 1.000000000
282 0.094198275 0.046590149 -0.994462632 -49.034387080 0.001470879 0.998896758 0.046937222 4.665852719 0.995552428 -0.005884133 0.094025822 197.749854094 0.000000000 0.000000000 0.000000000 1.000000000
283 0.097097366 0.054331431 -0.993790763 -50.020622947 0.001631754 0.998498856 0.054748267 4.719904850 0.995273608 -0.006937528 0.096862952 197.856456373 0.000000000 0.000000000 0.000000000 1.000000000
284 0.100386267 0.062271395 -0.992997862 -51.112651536 0.007228669 0.997967487 0.063313831 4.779919785 0.994922339 -0.013533886 0.099732090 197.979730635 0.000000000 0.000000000 0.000000000 1.000000000
285 0.102200723 0.064487482 -0.992671275 -52.096967064 0.010382201 0.997773023 0.065887825 4.840020095 0.994709675 -0.017039889 0.101303601 198.091568376 0.000000000 0.000000000 0.000000000 1.000000000
286 0.105155389 0.061856133 -0.992530124 -53.069627793 0.013598104 0.997880894 0.063630290 4.903042144 0.994362887 -0.020187589 0.104091426 198.205586902 0.000000000 0.000000000 0.000000000 1.000000000
287 0.108294505 0.057720898 -0.992441677 -54.137218099 0.013556133 0.998134392 0.059531236 4.970245276 0.994026482 -0.019900569 0.107309996 198.329622769 0.000000000 0.000000000 0.000000000 1.000000000
288 0.110940045 0.056338940 -0.992228862 -55.111693034 0.009555167 0.998285280 0.057751189 5.029040291 0.993781224 -0.015887825 0.110211485 198.440571370 0.000000000 0.000000000 0.000000000 1.000000000
289 0.113329071 0.052869451 -0.992149801 -56.088266159 0.010543198 0.998463006 0.054410183 5.084353345 0.993501625 -0.016626680 0.112597470 198.559608582 0.000000000 0.000000000 0.000000000 1.000000000
290 0.115551355 0.048193137 -0.992131640 -57.162147706 0.009868655 0.998717304 0.049662428 5.145459928 0.993252541 -0.015529559 0.114927535 198.691431462 0.000000000 0.000000000 0.000000000 1.000000000
291 0.118016288 0.043132396 -0.992074411 -58.144475193 0.009815910 0.998956730 0.044599320 5.197545296 0.992963201 -0.015001553 0.117469780 198.813279113 0.000000000 0.000000000 0.000000000 1.000000000
292 0.120235658 0.041718857 -0.991868342 -59.130552432 0.008659251 0.999034532 0.043069969 5.248331352 0.992707671 -0.013767377 0.119758319 198.936464851 0.000000000 0.000000000 0.000000000 1.000000000
293 0.123137655 0.044299221 -0.991400314 -60.220467769 0.007105373 0.998938223 0.045518579 5.300785125 0.992364221 -0.012649314 0.122692146 199.074028754 0.000000000 0.000000000 0.000000000 1.000000000
294 0.125693732 0.047015322 -0.990954353 -61.213705555 0.005566032 0.998827264 0.048094860 5.351230579 0.992053537 -0.011560900 0.125284636 199.201540273 0.000000000 0.000000000 0.000000000 1.000000000
295 0.128568690 0.047974985 -0.990539438 -62.319632440 0.007351107 0.998755626 0.049327081 5.387158356 0.991673418 -0.013623473 0.128056032 199.352008759 0.000000000 0.000000000 0.000000000 1.000000000
296 0.130979860 0.048302187 -0.990207584 -63.305907163 0.007962150 0.998728915 0.049771062 5.452624337 0.991353114 -0.014403182 0.130428782 199.491663808 0.000000000 0.000000000 0.000000000 1.000000000
297 0.133480870 0.049158501 -0.989831392 -64.303845261 0.009747489 0.998655613 0.050911223 5.502634983 0.991003511 -0.016444038 0.132822247 199.636909795 0.000000000 0.000000000 0.000000000 1.000000000
298 0.136126583 0.050941228 -0.989380832 -65.408585005 0.009758002 0.998559734 0.052756422 5.572543753 0.990643452 -0.016835924 0.135433438 199.796274895 0.000000000 0.000000000 0.000000000 1.000000000
299 0.138758140 0.052082523 -0.988955750 -66.419578282 0.009649576 0.998497609 0.053938958 5.635371876 0.990279344 -0.017027466 0.138047095 199.941847233 0.000000000 0.000000000 0.000000000 1.000000000
300 0.141194737 0.052426159 -0.988592651 -67.430664899 0.008163134 0.998501206 0.054117523 5.704722823 0.989948243 -0.015711116 0.140555153 200.089555080 0.000000000 0.000000000 0.000000000 1.000000000
301 0.144102633 0.052514264 -0.988168290 -68.542395797 0.007213830 0.998508610 0.054115770 5.780055181 0.989536511 -0.014926696 0.143508889 200.255736854 0.000000000 0.000000000 0.000000000 1.000000000
302 0.146585491 0.052756314 -0.987790135 -69.558638667 0.005259097 0.998521138 0.054109887 5.852385485 0.989184083 -0.013126602 0.146091260 200.406521161 0.000000000 0.000000000 0.000000000 1.000000000
303 0.149229812 0.052666428 -0.987398904 -70.570776980 0.004051942 0.998539572 0.053873053 5.908516342 0.988794296 -0.012040342 0.148798470 200.559648077 0.000000000 0.000000000 0.000000000 1.000000000
304 0.152079432 0.052086021 -0.986994822 -71.683408457 0.003227382 0.998578948 0.053194639 5.970029897 0.988363063 -0.011275213 0.151695217 200.732214027 0.000000000 0.000000000 0.000000000 1.000000000
305 0.154762078 0.051610348 -0.986602735 -72.694592966 0.002861934 0.998606962 0.052687247 6.024149940 0.987947682 -0.010977573 0.154398781 200.893849091 0.000000000 0.000000000 0.000000000 1.000000000
306 0.157284203 0.051330214 -0.986218421 -73.703486636 0.003772533 0.998609757 0.052576814 6.068742737 0.987546233 -0.011990037 0.156871894 201.059742751 0.000000000 0.000000000 0.000000000 1.000000000
307 0.159766978 0.051788641 -0.985795281 -74.810428427 0.004589377 0.998573133 0.053203731 6.119330042 0.987144146 -0.013024379 0.159301333 201.238408042 0.000000000 0.000000000 0.000000000 1.000000000
308 0.161956188 0.051802520 -0.985437252 -75.815533011 0.006309749 0.998546379 0.053528657 6.168132283 0.986777834 -0.014887152 0.161393902 201.403539650 0.000000000 0.000000000 0.000000000 1.000000000
309 0.164141429 0.051982324 -0.985066148 -76.817704216 0.007579340 0.998514605 0.053954960 6.219834884 0.986407755 -0.016322388 0.163503622 201.569753732 0.000000000 0.000000000 0.000000000 1.000000000
310 0.166432182 0.053452055 -0.984603013 -77.915371271 0.008049979 0.998422730 0.055563036 6.283419218 0.986020102 -0.017173504 0.165739384 201.758272261 0.000000000 0.000000000 0.000000000 1.000000000
311 0.168469926 0.054166295 -0.984217345 -78.910512863 0.007635691 0.998387339 0.056253162 6.341528760 0.985677277 -0.016992138 0.167784643 201.930780647 0.000000000 0.000000000 0.000000000 1.000000000
312 0.170682033 0.053670112 -0.983863328 -79.999672338 0.007404292 0.998417385 0.055748559 6.412916534 0.985298398 -0.016800082 0.170014519 202.119877885 0.000000000 0.000000000 0.000000000 1.000000000
313 0.172847626 0.052606451 -0.983542651 -80.986334255 0.006963190 0.998482428 0.054629251 6.486905561 0.984924020 -0.016291124 0.172219007 202.292519343 0.000000000 0.000000000 0.000000000 1.000000000
314 0.174857395 0.052335492 -0.983201797 -81.968381597 0.003927825 0.998541281 0.053850562 6.554093516 0.984585993 -0.013278007 0.174396762 202.464896315 0.000000000 0.000000000 0.000000000 1.000000000
315 0.177038956 0.051955707 -0.982831470 -83.046426118 0.002216191 0.998582081 0.053187553 6.624219493 0.984201407 -0.011594404 0.176672784 202.656486794 0.000000000 0.000000000 0.000000000 1.000000000
316 0.178866476 0.051419746 -0.982528717 -84.020185582 0.000752139 0.998625940 0.052399115 6.685263482 0.983873128 -0.010111437 0.178582027 202.833450204 0.000000000 0.000000000 0.000000000 1.000000000
317 0.181098655 0.051636992 -0.982108337 -84.992798066 -0.000299611 0.998623502 0.052450085 6.748507697 0.983464946 -0.009204384 0.180864843 203.009853591 0.000000000 0.000000000 0.000000000 1.000000000
318 0.183332561 0.053509712 -0.981593485 -86.061066399 -0.000546846 0.998522860 0.054330462 6.813381287 0.983050856 -0.009423757 0.183091014 203.207359242 0.000000000 0.000000000 0.000000000 1.000000000
319 0.185515973 0.054947533 -0.981103705 -87.025270088 0.001181764 0.998422155 0.056140937 6.872880920 0.982640596 -0.011574467 0.185158321 203.391819831 0.000000000 0.000000000 0.000000000 1.000000000
320 0.187606432 0.054878625 -0.980709973 -87.982798191 0.002574034 0.998407119 0.056361338 6.938027588 0.982240965 -0.013098123 0.187166336 203.576891241 0.000000000 0.000000000 0.000000000 1.000000000
321 0.189775215 0.054406962 -0.980318896 -89.029136046 0.003857796 0.998414437 0.056158074 7.008217796 0.981820044 -0.014439275 0.189264423 203.782340191 0.000000000 0.000000000 0.000000000 1.000000000
322 0.191561806 0.054296393 -0.979977481 -89.978663536 0.003974738 0.998417521 0.056095053 7.076214800 0.981472562 -0.014640817 0.191042848 203.966107396 0.000000000 0.000000000 0.000000000 1.000000000
323 0.193574676 0.054722855 -0.979558136 -90.922404161 0.003509632 0.998398189 0.056468916 7.140012737 0.981079324 -0.014368834 0.193072548 204.151092661 0.000000000 0.000000000 0.000000000 1.000000000
324 0.195627495 0.055709344 -0.979094602 -91.956906533 0.001202619 0.998370802 0.057046437 7.211102343 0.980677597 -0.012337323 0.195241780 204.353174292 0.000000000 0.000000000 0.000000000 1.000000000
325 0.197529381 0.056709798 -0.978655215 -92.892725711 -0.000368835 0.998329537 0.057775425 7.268728096 0.980296955 -0.011051375 0.197220330 204.539257950 0.000000000 0.000000000 0.000000000 1.000000000
326 0.199408336 0.057251557 -0.978242538 -93.823985600 -0.001811466 0.998311635 0.058056855 7.327381426 0.979914867 -0.009804961 0.199175370 204.726237444 0.000000000 0.000000000 0.000000000 1.000000000
327 0.201884652 0.058267339 -0.977674482 -94.845300822 -0.001737956 0.998248503 0.059134640 7.396314852 0.979407821 -0.010239215 0.201632316 204.934411786 0.000000000 0.000000000 0.000000000 1.000000000
328 0.204131935 0.059400442 -0.977139513 -95.766643027 -0.002298871 0.998183720 0.060199482 7.462093581 0.978940744 -0.010042313 0.203897727 205.126336530 0.000000000 0.000000000 0.000000000 1.000000000
329 0.206814569 0.060437164 -0.976511634 -96.774732612 -0.000709528 0.998099246 0.061622982 7.535906655 0.978379958 -0.012051662 0.206464346 205.341995299 0.000000000 0.000000000 0.000000000 1.000000000
330 0.208978232 0.060492315 -0.976047471 -97.684669543 0.000189349 0.998082430 0.061898524 7.601229994 0.977920332 -0.013120252 0.208566046 205.540040967 0.000000000 0.000000000 0.000000000 1.000000000
331 0.211529328 0.059100695 -0.975583077 -98.590149137 0.001978557 0.998142136 0.060896329 7.668567175 0.977369705 -0.014811600 0.211019400 205.738595769 0.000000000 0.000000000 0.000000000 1.000000000
332 0.214846415 0.057462959 -0.974955853 -99.580862479 0.003359967 0.998218211 0.059574451 7.742493061 0.976642125 -0.016075170 0.214270529 205.958487930 0.000000000 0.000000000 0.000000000 1.000000000
333 0.218586878 0.056072758 -0.974205066 -100.478515115 0.001911865 0.998321149 0.057889804 7.809096972 0.975815676 -0.014516493 0.218112698 206.156824791 0.000000000 0.000000000 0.000000000 1.000000000
334 0.223471141 0.055959558 -0.973102803 -101.370758960 0.002827503 0.998309183 0.058058426 7.873038333 0.974706502 -0.015725827 0.222935065 206.363417131 0.000000000 0.000000000 0.000000000 1.000000000
335 0.228727874 0.055551231 -0.971904064 -102.345664481 0.004161342 0.998305608 0.058039608 7.942355843 0.973481563 -0.017319694 0.228109150 206.596033799 0.000000000 0.000000000 0.000000000 1.000000000
336 0.233773445 0.054600337 -0.970756751 -103.226401029 0.004048906 0.998358660 0.057127861 8.001452760 0.972282723 -0.017285473 0.233168670 206.807683934 0.000000000 0.000000000 0.000000000 1.000000000
337 0.238590030 0.051890685 -0.969732976 -104.100020482 0.005130486 0.998490104 0.054691786 8.058686406 0.971106887 -0.018024110 0.237963558 207.023286381 0.000000000 0.000000000 0.000000000 1.000000000
338 0.244011871 0.052031867 -0.968375331 -105.057097137 0.003746121 0.998501579 0.054594544 8.120609178 0.969765066 -0.016949360 0.243451319 207.262134984 0.000000000 0.000000000 0.000000000 1.000000000
339 0.249040007 0.053756614 -0.967000099 -105.921341643 0.004485806 0.998383651 0.056656540 8.175494636 0.968482866 -0.018447512 0.248396328 207.485433867 0.000000000 0.000000000 0.000000000 1.000000000
340 0.253294610 0.055895411 -0.965772972 -106.782089319 0.004544270 0.998249596 0.058966883 8.229684207 0.967378571 -0.019324719 0.252597237 207.711055677 0.000000000 0.000000000 0.000000000 1.000000000
341 0.257854167 0.056885288 -0.964507742 -107.721790798 0.005548726 0.998161640 0.060353570 8.294349040 0.966167972 -0.020914201 0.257064496 207.959685595 0.000000000 0.000000000 0.000000000 1.000000000
342 0.261324321 0.056145985 -0.963616686 -108.573976613 0.006736404 0.998176458 0.059986505 8.354380966 0.965227605 -0.022167236 0.260469562 208.184572135 0.000000000 0.000000000 0.000000000 1.000000000
343 0.265125889 0.053679625 -0.962718366 -109.497854963 0.008577578 0.998278303 0.058024605 8.415567146 0.964175709 -0.023641609 0.264208980 208.438608692 0.000000000 0.000000000 0.000000000 1.000000000
344 0.267805069 0.050967350 -0.962124039 -110.332308200 0.008463589 0.998436857 0.055246808 8.469819491 0.963435998 -0.022938390 0.266955084 208.668391623 0.000000000 0.000000000 0.000000000 1.000000000
345 0.270047544 0.048890416 -0.961604879 -111.158461675 0.008046314 0.998560556 0.053028992 8.524553565 0.962813424 -0.022057717 0.269265437 208.897144327 0.000000000 0.000000000 0.000000000 1.000000000
346 0.271900149 0.048790865 -0.961087744 -112.060216598 0.006914856 0.998589036 0.052650950 8.587337986 0.962300682 -0.020961577 0.271179124 209.145324736 0.000000000 0.000000000 0.000000000 1.000000000
347 0.273350438 0.050465493 -0.960589748 -112.868149838 0.004832320 0.998538192 0.053834271 8.643493591 0.961902435 -0.019357492 0.272706985 209.371186575 0.000000000 0.000000000 0.000000000 1.000000000
348 0.274899587 0.052209983 -0.960054283 -113.666878519 0.004227145 0.998449273 0.055508392 8.694814184 0.961463705 -0.019317515 0.274252592 209.596886334 0.000000000 0.000000000 0.000000000 1.000000000
349 0.276211557 0.053252855 -0.959620342 -114.530156538 0.003175620 0.998407754 0.056319374 8.748407466 0.961091671 -0.018603444 0.275602648 209.843978555 0.000000000 0.000000000 0.000000000 1.000000000
350 0.277445771 0.053767708 -0.959235513 -115.301041717 0.003497820 0.998369593 0.056972985 8.799232455 0.960734988 -0.019162139 0.276805351 210.066885259 0.000000000 0.000000000 0.000000000 1.000000000
351 0.277737931 0.053277067 -0.959178340 -116.061097445 0.004733694 0.998372944 0.056824801 8.854382015 0.960645274 -0.020322852 0.277033837 210.286418412 0.000000000 0.000000000 0.000000000 1.000000000
352 0.277202967 0.052867070 -0.959355763 -116.879309898 0.006338289 0.998362722 0.056848060 8.908743817 0.960790534 -0.021839117 0.276414020 210.525913306 0.000000000 0.000000000 0.000000000 1.000000000
353 0.276177471 0.053319066 -0.959626476 -117.606966665 0.007599809 0.998307612 0.057655491 8.963125289 0.961076665 -0.023216118 0.275304855 210.737231817 0.000000000 0.000000000 0.000000000 1.000000000
354 0.274983980 0.052398680 -0.960019834 -118.317938493 0.008789546 0.998335053 0.057007607 9.012608514 0.961408687 -0.024114309 0.274065584 210.944362499 0.000000000 0.000000000 0.000000000 1.000000000
355 0.273902595 0.051898786 -0.960356068 -119.084973237 0.008667909 0.998369200 0.056425241 9.067482317 0.961718433 -0.023779291 0.273006059 211.162696509 0.000000000 0.000000000 0.000000000 1.000000000
356 0.272860047 0.051619970 -0.960667822 -119.772547747 0.007910303 0.998405343 0.055894523 9.117069049 0.962021273 -0.022850548 0.272016598 211.355656523 0.000000000 0.000000000 0.000000000 1.000000000
357 0.271483220 0.051347011 -0.961072441 -120.449694765 0.007254543 0.998438296 0.055392618 9.164243897 0.962415888 -0.022010300 0.270686743 211.545450493 0.000000000 0.000000000 0.000000000 1.000000000
358 0.270059170 0.051047015 -0.961489541 -121.180891595 0.007240914 0.998457701 0.055043522 9.214353092 0.962816557 -0.021827063 0.269273030 211.750786744 0.000000000 0.000000000 0.000000000 1.000000000
359 0.268342326 0.050475911 -0.962000244 -121.833232770 0.007162570 0.998494150 0.054388690 9.257500066 0.963297048 -0.021485174 0.267576705 211.933395798 0.000000000 0.000000000 0.000000000 1.000000000
360 0.265644236 0.048515374 -0.962849568 -122.534719560 0.008757652 0.998570328 0.052731438 9.306599170 0.964031406 -0.022440096 0.264839570 212.131095589 0.000000000 0.000000000 0.000000000 1.000000000
361 0.262030747 0.046560843 -0.963935613 -123.159949452 0.010891428 0.998629167 0.051197314 9.353309385 0.964998121 -0.023913898 0.261164431 212.302957540 0.000000000 0.000000000 0.000000000 1.000000000
362 0.258216237 0.046829306 -0.964951440 -123.775670940 0.012232139 0.998585940 0.051734865 9.401971164 0.966009762 -0.025162194 0.257278279 212.469136485 0.000000000 0.000000000 0.000000000 1.000000000
363 0.254309266 0.048190199 -0.965921525 -124.441504371 0.012393161 0.998513404 0.053079121 9.449202493 0.967043596 -0.025469325 0.253333981 212.644728171 0.000000000 0.000000000 0.000000000 1.000000000
364 0.250842675 0.049968166 -0.966737309 -125.038673636 0.011450718 0.998443842 0.054578163 9.491926824 0.967960197 -0.024760361 0.249880152 212.800592515 0.000000000 0.000000000 0.000000000 1.000000000
365 0.247606654 0.051862763 -0.967471492 -125.624228974 0.012714977 0.998306321 0.056769887 9.535263609 0.968777262 -0.026357971 0.246527853 212.951441654 0.000000000 0.000000000 0.000000000 1.000000000
366 0.244304757 0.050954842 -0.968358756 -126.251747424 0.015387183 0.998289010 0.056411769 9.590223256 0.969576470 -0.028681969 0.243102701 213.111861185 0.000000000 0.000000000 0.000000000 1.000000000
367 0.241495684 0.051139603 -0.969053386 -126.808852635 0.015954148 0.998266213 0.056657152 9.636170770 0.970270792 -0.029142870 0.240261092 213.251684534 0.000000000 0.000000000 0.000000000 1.000000000
368 0.238705190 0.051510373 -0.969724911 -127.352677753 0.015221044 0.998271051 0.056773488 9.677388895 0.970972843 -0.028312343 0.237508438 213.383464615 0.000000000 0.000000000 0.000000000 1.000000000
369 0.235739320 0.051988811 -0.970424663 -127.933509614 0.014594757 0.998266023 0.057025788 9.718844654 0.971706785 -0.027606324 0.234571788 213.521659818 0.000000000 0.000000000 0.000000000 1.000000000
370 0.232900377 0.052276288 -0.971094482 -128.446559247 0.015087845 0.998239765 0.057356154 9.757101344 0.972383609 -0.028009985 0.231701680 213.642430488 0.000000000 0.000000000 0.000000000 1.000000000
371 0.230088254 0.052532147 -0.971750821 -128.943814671 0.015227751 0.998225392 0.057568935 9.795548069 0.973050678 -0.028043507 0.228879990 213.756275604 0.000000000 0.000000000 0.000000000 1.000000000
372 0.227805473 0.052550282 -0.972287521 -129.468604394 0.015751797 0.998213036 0.057642139 9.833050227 0.973579303 -0.028446462 0.226570630 213.877383688 0.000000000 0.000000000 0.000000000 1.000000000
373 0.226219450 0.053041729 -0.972631083 -129.927510022 0.015446865 0.998195411 0.058028581 9.866812591 0.973953934 -0.028151286 0.224991887 213.981458149 0.000000000 0.000000000 0.000000000 1.000000000
374 0.225594020 0.053115980 -0.972772286 -130.365058254 0.014414938 0.998221298 0.057848520 9.896433460 0.974114808 -0.027072724 0.224427090 214.081019287 0.000000000 0.000000000 0.000000000 1.000000000
375 0.226375677 0.053053284 -0.972594104 -130.825423139 0.012484691 0.998275493 0.057360037 9.933709434 0.973960110 -0.025127446 0.225322935 214.182409254 0.000000000 0.000000000 0.000000000 1.000000000
376 0.228176585 0.052563410 -0.972199786 -131.219672695 0.011164071 0.998334704 0.056596666 9.962928477 0.973555813 -0.023767734 0.227209780 214.273077205 0.000000000 0.000000000 0.000000000 1.000000000
377 0.231699738 0.051458767 -0.971425301 -131.628996076 0.011796548 0.998377850 0.055700176 9.993852731 0.972715880 -0.024365173 0.230716849 214.372006488 0.000000000 0.000000000 0.000000000 1.000000000
378 0.235228252 0.050304831 -0.970637411 -131.976995791 0.013511891 0.998393941 0.055017895 10.019320475 0.971846289 -0.026056902 0.234170747 214.462093742 0.000000000 0.000000000 0.000000000 1.000000000
379 0.239228935 0.049636515 -0.969693572 -132.305111441 0.015776424 0.998361924 0.054996129 10.044393491 0.970835069 -0.028454954 0.238053972 214.550114723 0.000000000 0.000000000 0.000000000 1.000000000
380 0.243507427 0.050491308 -0.968583838 -132.645464985 0.015815153 0.998304571 0.056016649 10.076970026 0.969770140 -0.028958763 0.242296048 214.636356017 0.000000000 0.000000000 0.000000000 1.000000000
381 0.247002867 0.051774529 -0.967630545 -132.934355158 0.014726947 0.998255692 0.057172468 10.101759899 0.968902890 -0.028371998 0.245809536 214.709471462 0.000000000 0.000000000 0.000000000 1.000000000
382 0.249912407 0.052750184 -0.966830439 -133.203007712 0.014244669 0.998206567 0.058144125 10.125358262 0.968163720 -0.028303109 0.248712796 214.778564507 0.000000000 0.000000000 0.000000000 1.000000000
383 0.253214644 0.052106265 -0.966005783 -133.472763543 0.016434077 0.998172630 0.058149141 10.145152334 0.967270580 -0.030599619 0.251895607 214.854861013 0.000000000 0.000000000 0.000000000 1.000000000
384 0.256108062 0.051802507 -0.965259059 -133.699773741 0.018052078 0.998132582 0.058356420 10.166981433 0.966479639 -0.032370473 0.254694657 214.918048139 0.000000000 0.000000000 0.000000000 1.000000000
385 0.258068839 0.052702229 -0.964687950 -133.909862062 0.017706109 0.998085337 0.059263440 10.187171374 0.965964325 -0.032374908 0.256641571 214.973711103 0.000000000 0.000000000 0.000000000 1.000000000
386 0.260364211 0.053268014 -0.964039879 -134.122834827 0.015895881 0.998105107 0.059443397 10.208146529 0.965379671 -0.030801188 0.259024105 215.027723695 0.000000000 0.000000000 0.000000000 1.000000000
387 0.262349681 0.054489346 -0.963433157 -134.301057130 0.013729547 0.998092618 0.060188261 10.225250391 0.964875253 -0.029017863 0.261101165 215.073590793 0.000000000 0.000000000 0.000000000 1.000000000
388 0.263945955 0.054865857 -0.962975681 -134.463564911 0.012058425 0.998115121 0.060173092 10.239331281 0.964462149 -0.027494406 0.262786852 215.115932690 0.000000000 0.000000000 0.000000000 1.000000000
389 0.265906574 0.052661565 -0.962559268 -134.614606345 0.013183417 0.998214730 0.058254196 10.259079000 0.963908710 -0.028179986 0.264737598 215.166833825 0.000000000 0.000000000 0.000000000 1.000000000
390 0.267549446 0.050805829 -0.962203696 -134.735690924 0.015882331 0.998240703 0.057124874 10.277436746 0.963413283 -0.030565757 0.266271831 215.207354473 0.000000000 0.000000000 0.000000000 1.000000000
391 0.268865769 0.050772506 -0.961838470 -134.854691621 0.017367038 0.998191778 0.057546159 10.298699079 0.963021128 -0.032176468 0.267497830 215.245532658 0.000000000 0.000000000 0.000000000 1.000000000
392 0.269910566 0.051838090 -0.961488944 -134.954580000 0.015889013 0.998174037 0.058276341 10.314466956 0.962754348 -0.031006501 0.268594062 215.272937232 0.000000000 0.000000000 0.000000000 1.000000000
393 0.270900222 0.051485946 -0.961229504 -135.041877902 0.014474564 0.998237832 0.057547538 10.330138828 0.962498658 -0.029503011 0.269677612 215.297023490 0.000000000 0.000000000 0.000000000 1.000000000
394 0.272044923 0.049905167 -0.960989556 -135.129189399 0.014703181 0.998322154 0.056006196 10.347738712 0.962172274 -0.029365796 0.270854707 215.323651350 0.000000000 0.000000000 0.000000000 1.000000000
395 0.272924112 0.049056890 -0.960783921 -135.200501056 0.015367763 0.998349275 0.055340386 10.365489392 0.961912870 -0.029868817 0.271719693 215.346097297 0.000000000 0.000000000 0.000000000 1.000000000
396 0.273676355 0.048732190 -0.960586445 -135.267389718 0.015534695 0.998361394 0.055074507 10.378730116 0.961696436 -0.029994999 0.272470866 215.366715302 0.000000000 0.000000000 0.000000000 1.000000000
397 0.274470619 0.048019759 -0.960395686 -135.332648598 0.015396644 0.998404846 0.054320418 10.392455625 0.961472273 -0.029696220 0.273293452 215.386679010 0.000000000 0.000000000 0.000000000 1.000000000
398 0.275240622 0.047497931 -0.960201249 -135.385296046 0.015742457 0.998422176 0.053901160 10.403081298 0.961246526 -0.029951707 0.274058605 215.403952060 0.000000000 0.000000000 0.000000000 1.000000000
399 0.275718773 0.047477704 -0.960065059 -135.430390469 0.015983968 0.998414911 0.053964610 10.413491382 0.961105499 -0.030224696 0.274522850 215.421945298 0.000000000 0.000000000 0.000000000 1.000000000
400 0.275775649 0.047656721 -0.960039854 -135.466753254 0.015825431 0.998409711 0.054107348 10.419619924 0.961091804 -0.030114525 0.274582897 215.446703603 0.000000000 0.000000000 0.000000000 1.000000000
401 0.275890505 0.047878982 -0.959995794 -135.490090669 0.015496088 0.998407239 0.054248108 10.423794620 0.961064206 -0.029842709 0.274709139 215.464389205 0.000000000 0.000000000 0.000000000 1.000000000
402 0.275852403 0.048017367 -0.959999831 -135.495201067 0.015867960 0.998387839 0.054497071 10.427968877 0.961069075 -0.030266378 0.274645746 215.482173616 0.000000000 0.000000000 0.000000000 1.000000000
403 0.275767186 0.047920465 -0.960029156 -135.495266716 0.016589986 0.998370492 0.054599759 10.431036944 0.961081339 -0.030983684 0.274522821 215.495303002 0.000000000 0.000000000 0.000000000 1.000000000
404 0.275496889 0.047962313 -0.960104668 -135.481958149 0.016831730 0.998360784 0.054703192 10.437830820 0.961154652 -0.031230773 0.274238000 215.502782778 0.000000000 0.000000000 0.000000000 1.000000000
405 0.275370847 0.047610158 -0.960158352 -135.461721367 0.016469121 0.998392682 0.054229345 10.441617818 0.961197052 -0.030746136 0.274144140 215.505243912 0.000000000 0.000000000 0.000000000 1.000000000
406 0.275135110 0.046406744 -0.960284842 -135.442054171 0.015827934 0.998480323 0.052787514 10.445015530 0.961275328 -0.029723015 0.273982470 215.508709281 0.000000000 0.000000000 0.000000000 1.000000000
407 0.275032095 0.044904921 -0.960385749 -135.428922534 0.015815362 0.998562206 0.051219104 10.447359535 0.961305014 -0.029275737 0.273926466 215.513139178 0.000000000 0.000000000 0.000000000 1.000000000
408 0.275013141 0.044920418 -0.960390452 -135.414320511 0.016059557 0.998553940 0.051304194 10.452968132 0.961306388 -0.029532764 0.273894052 215.518942039 0.000000000 0.000000000 0.000000000 1.000000000
409 0.274912733 0.045135738 -0.960409104 -135.401978425 0.016426886 0.998531199 0.051629468 10.459691702 0.961328901 -0.029970120 0.273767500 215.522292799 0.000000000 0.000000000 0.000000000 1.000000000
410 0.274882914 0.044741740 -0.960436074 -135.390099537 0.016407269 0.998552954 0.051213282 10.464668644 0.961337763 -0.029835780 0.273751054 215.525400440 0.000000000 0.000000000 0.000000000 1.000000000
411 0.274815747 0.045095778 -0.960438737 -135.380042656 0.016263867 0.998538574 0.051538372 10.471698658 0.961359402 -0.029783995 0.273680692 215.528499514 0.000000000 0.000000000 0.000000000 1.000000000
412 0.274862093 0.045290280 -0.960416322 -135.376339092 0.016140241 0.998531868 0.051706886 10.479032055 0.961348236 -0.029713605 0.273727562 215.529875968 0.000000000 0.000000000 0.000000000 1.000000000
413 0.274968035 0.045072559 -0.960396239 -135.383777258 0.016180058 0.998542159 0.051495264 10.483426516 0.961317270 -0.029698810 0.273837898 215.523580081 0.000000000 0.000000000 0.000000000 1.000000000
414 0.275059869 0.045386578 -0.960355153 -135.395148827 0.016035597 0.998529581 0.051783550 10.483145724 0.961293419 -0.029643436 0.273927613 215.516338676 0.000000000 0.000000000 0.000000000 1.000000000
415 0.275186136 0.045577687 -0.960309928 -135.414231656 0.015958230 0.998521433 0.051964255 10.480326790 0.961258568 -0.029624680 0.274051914 215.508719114 0.000000000 0.000000000 0.000000000 1.000000000
416 0.275297152 0.045562964 -0.960278807 -135.426584646 0.015859959 0.998525068 0.051924475 10.477116743 0.961228406 -0.029524634 0.274168479 215.505276576 0.000000000 0.000000000 0.000000000 1.000000000
417 0.275376606 0.045785709 -0.960245430 -135.442331674 0.015839933 0.998513480 0.052152921 10.473521823 0.961205977 -0.029571909 0.274242010 215.501331824 0.000000000 0.000000000 0.000000000 1.000000000
418 0.275428452 0.045873724 -0.960226359 -135.450653309 0.015868623 0.998507725 0.052254291 10.472585314 0.961190649 -0.029629780 0.274289483 215.498239221 0.000000000 0.000000000 0.000000000 1.000000000
419 0.275565365 0.046061546 -0.960178085 -135.469635239 0.015689197 0.998502779 0.052402768 10.466055081 0.961154351 -0.029504803 0.274430113 215.491471728 0.000000000 0.000000000 0.000000000 1.000000000
420 0.275566308 0.046135883 -0.960174246 -135.478929832 0.015575352 0.998502208 0.052447597 10.462595370 0.961155932 -0.029407834 0.274434983 215.487785478 0.000000000 0.000000000 0.000000000 1.000000000
421 0.275588300 0.046121514 -0.960168624 -135.486838257 0.015637115 0.998501064 0.052450991 10.459045300 0.961148624 -0.029469138 0.274454002 215.484527154 0.000000000 0.000000000 0.000000000 1.000000000
422 0.275681369 0.046353954 -0.960130713 -135.504181481 0.015557114 0.998490636 0.052672833 10.449399177 0.961123232 -0.029457773 0.274544130 215.479721666 0.000000000 0.000000000 0.000000000 1.000000000
423 0.275701721 0.046361220 -0.960124518 -135.513436447 0.015511765 0.998491592 0.052668083 10.443860767 0.961118127 -0.029413898 0.274566705 215.476188237 0.000000000 0.000000000 0.000000000 1.000000000
424 0.275752455 0.046560003 -0.960100329 -135.526252721 0.015444109 0.998482653 0.052857096 10.438260834 0.961104662 -0.029403359 0.274614964 215.471452470 0.000000000 0.000000000 0.000000000 1.000000000
425 0.275723990 0.046591233 -0.960106989 -135.534980892 0.015456158 0.998480612 0.052892111 10.433567985 0.961112635 -0.029423181 0.274584935 215.467636069 0.000000000 0.000000000 0.000000000 1.000000000
426 0.275679741 0.046678251 -0.960115469 -135.550777859 0.015415452 0.998477135 0.052969569 10.428071557 0.961125982 -0.029403242 0.274540350 215.460206499 0.000000000 0.000000000 0.000000000 1.000000000
427 0.275700093 0.046703072 -0.960108418 -135.560981630 0.015335122 0.998478186 0.052973083 10.423836753 0.961121429 -0.029328055 0.274564330 215.455852087 0.000000000 0.000000000 0.000000000 1.000000000
428 0.275698781 0.046812117 -0.960103484 -135.571836803 0.015295986 0.998473360 0.053075264 10.419762574 0.961122429 -0.029318506 0.274561849 215.451647533 0.000000000 0.000000000 0.000000000 1.000000000
429 0.275757740 0.046884001 -0.960083044 -135.578703730 0.015306033 0.998468977 0.053154763 10.417246381 0.961105355 -0.029352892 0.274617939 215.448748361 0.000000000 0.000000000 0.000000000 1.000000000
430 0.275793580 0.046880688 -0.960072911 -135.584264241 0.015309830 0.998468983 0.053153541 10.414713186 0.961095010 -0.029357950 0.274653599 215.446224088 0.000000000 0.000000000 0.000000000 1.000000000
431 0.275859725 0.046899103 -0.960053008 -135.588753963 0.015283849 0.998468645 0.053167368 10.412929159 0.961076441 -0.029340033 0.274720486 215.445173991 0.000000000 0.000000000 0.000000000 1.000000000
432 0.275938046 0.046922835 -0.960029340 -135.592678808 0.015295309 0.998466848 0.053197814 10.411523785 0.961053774 -0.029363238 0.274797291 215.444612946 0.000000000 0.000000000 0.000000000 1.000000000
433 0.276000673 0.046905726 -0.960012174 -135.597431220 0.015300356 0.998467536 0.053183453 10.411352170 0.961035710 -0.029367189 0.274860037 215.442653135 0.000000000 0.000000000 0.000000000 1.000000000
434 0.276007344 0.046907255 -0.960010181 -135.599720051 0.015283901 0.998467942 0.053180549 10.412925217 0.961034056 -0.029350914 0.274867558 215.441046633 0.000000000 0.000000000 0.000000000 1.000000000
435 0.276045225 0.046915552 -0.959998884 -135.602353263 0.015300720 0.998466905 0.053195193 10.416688465 0.961022908 -0.029372944 0.274904179 215.439340928 0.000000000 0.000000000 0.000000000 1.000000000
436 0.276044555 0.046906323 -0.959999527 -135.603058689 0.015204324 0.998470358 0.053157998 10.420026074 0.961024631 -0.029270111 0.274909126 215.437358130 0.000000000 0.000000000 0.000000000 1.000000000
437 0.276010915 0.046944690 -0.960007324 -135.602639675 0.015208722 0.998468156 0.053198095 10.424603577 0.961034223 -0.029283731 0.274874139 215.434301616 0.000000000 0.000000000 0.000000000 1.000000000
438 0.276170025 0.046914757 -0.959963028 -135.601793968 0.015263952 0.998467861 0.053187811 10.425958217 0.960987636 -0.029341700 0.275030788 215.434373242 0.000000000 0.000000000 0.000000000 1.000000000
439 0.276162026 0.046945142 -0.959963844 -135.601469606 0.015279758 0.998465707 0.053223685 10.428175820 0.960989684 -0.029366367 0.275021001 215.434261708 0.000000000 0.000000000 0.000000000 1.000000000
440 0.276245976 0.046843476 -0.959944656 -135.598249773 0.015312886 0.998470185 0.053130090 10.432756673 0.960965028 -0.029376488 0.275106060 215.434532951 0.000000000 0.000000000 0.000000000 1.000000000
441 0.276354839 0.046816568 -0.959914634 -135.596639076 0.015305980 0.998471701 0.053103585 10.435473492 0.960933837 -0.029367859 0.275215912 215.434163225 0.000000000 0.000000000 0.000000000 1.000000000
442 0.276366907 0.046808971 -0.959911530 -135.591754767 0.015375436 0.998469975 0.053115961 10.440107089 0.960929257 -0.029438544 0.275224349 215.434486213 0.000000000 0.000000000 0.000000000 1.000000000
443 0.276364137 0.046767836 -0.959914332 -135.590792040 0.015375254 0.998472261 0.053073033 10.440773144 0.960930057 -0.029426401 0.275222856 215.432920558 0.000000000 0.000000000 0.000000000 1.000000000
444 0.276390363 0.046775946 -0.959906386 -135.589247239 0.015390779 0.998471292 0.053086750 10.441611209 0.960922265 -0.029446365 0.275247923 215.431391837 0.000000000 0.000000000 0.000000000 1.000000000
445 0.276437206 0.046701126 -0.959896540 -135.586426358 0.015408345 0.998474810 0.053015450 10.444081800 0.960908509 -0.029445851 0.275295999 215.431339121 0.000000000 0.000000000 0.000000000 1.000000000
446 0.276519943 0.046718763 -0.959871851 -135.583870589 0.015430522 0.998473015 0.053042789 10.446163591 0.960884347 -0.029478705 0.275376805 215.431107966 0.000000000 0.000000000 0.000000000 1.000000000
